Index: 3
Timestamp: 1735673773.7809649
Data: {'model_weights': [array([[[[ 1.11162467e-02, -1.32585779e-01, -1.38073176e-01,
           8.93398467e-03, -1.69441715e-01],
         [-2.18424127e-01,  1.35222028e-04, -1.67576998e-01,
           5.96780516e-03, -1.26688421e-01],
         [-7.51427412e-02, -6.00386672e-02, -1.59397811e-01,
          -2.00991184e-02,  1.68349773e-01],
         [-3.65331769e-02, -2.17568040e-01, -2.00877309e-01,
           5.12668304e-02,  2.69149721e-01],
         [-4.17631231e-02, -1.74964875e-01, -1.99180305e-01,
          -3.35778482e-02,  1.56924009e-01]]],


       [[[-1.71371847e-01, -1.81752279e-01, -3.36115733e-02,
          -1.95480883e-01, -6.39082044e-02],
         [ 1.18607722e-01, -2.41600066e-01, -8.72746706e-02,
           5.37391379e-02,  1.56421155e-01],
         [-1.53743818e-01, -1.42551139e-01, -5.00415787e-02,
           2.37882048e-01,  1.87616378e-01],
         [-1.27593070e-01, -3.15044192e-03, -9.46290717e-02,
           1.02666900e-01,  1.33585691e-01],
         [ 1.00791380e-01,  1.07337795e-01,  2.94185817e-01,
           1.98862463e-01,  8.80814940e-02]]],


       [[[-5.40851168e-02, -1.13470517e-01,  2.32858509e-01,
          -9.49559063e-02, -1.23449579e-01],
         [-9.20464247e-02, -1.30116269e-01,  1.82622015e-01,
           2.42297500e-01,  2.01958090e-01],
         [ 1.42377347e-01,  9.66110602e-02,  2.44629115e-01,
           2.79161483e-01,  1.25641495e-01],
         [ 2.09675148e-01, -4.77508120e-02,  2.21288964e-01,
           4.32546437e-01,  3.81856561e-01],
         [ 2.25639343e-01, -8.04258790e-03, -2.73313969e-02,
           2.43795633e-01,  2.28026748e-01]]],


       [[[-1.09535888e-01, -2.21268740e-02,  1.72422260e-01,
           1.36758089e-01,  8.10554326e-02],
         [-9.06469673e-03,  1.33109018e-01,  1.81304187e-01,
           2.01469570e-01, -4.54761013e-02],
         [ 2.09813833e-01,  2.21370935e-01,  1.81569248e-01,
           1.66634545e-01, -1.64687008e-01],
         [ 5.63445576e-02,  2.30044462e-02, -1.84143335e-01,
          -1.36348560e-01,  1.39242962e-01],
         [-4.80938256e-02, -6.92976192e-02, -1.55877620e-01,
          -4.37436700e-02,  8.39909315e-02]]],


       [[[-2.88183689e-02,  4.05062020e-01,  3.82874131e-01,
           2.13611096e-01, -1.75696492e-01],
         [ 1.08717762e-01,  3.92105252e-01,  1.67077795e-01,
           2.45867655e-01, -1.89622700e-01],
         [ 6.52815262e-03,  1.71557233e-01,  1.53113276e-01,
           1.67297974e-01,  7.50439838e-02],
         [ 2.48024482e-02,  1.41124889e-01, -1.32052973e-01,
           7.67272487e-02,  5.76411597e-02],
         [-6.87273219e-02,  1.32001281e-01, -2.10097991e-02,
          -1.36541680e-01, -1.37655765e-01]]],


       [[[-7.72467023e-03,  1.80346102e-01, -6.77429810e-02,
           1.45707875e-01,  1.15437903e-01],
         [ 2.32728407e-01,  1.02294907e-01, -6.75565973e-02,
           2.49572009e-01,  3.85382265e-01],
         [ 1.57932371e-01, -9.67265479e-03,  5.18033877e-02,
           7.76368976e-02,  4.24933434e-01],
         [-1.03514716e-01,  1.14371767e-02, -1.66077465e-02,
           2.40232259e-01,  2.31589764e-01],
         [-2.20976427e-01, -2.03754097e-01, -7.50674754e-02,
          -1.58115432e-01,  2.38275096e-01]]]], dtype=float32), array([-0.02585277,  0.00354766, -0.11794732,  0.01653298,  0.04828004,
        0.18785   ], dtype=float32), array([[[[ 5.60452752e-02, -6.07869998e-02,  3.37844752e-02,
           2.79496573e-02, -4.96488884e-02],
         [ 4.52903509e-02,  3.43334004e-02, -1.02908192e-02,
          -8.96209106e-02,  5.49687855e-02],
         [-4.71769925e-03,  3.77054960e-02,  4.72490676e-02,
          -7.29112327e-02, -8.71648639e-02],
         [ 6.77189976e-02, -3.36011648e-02,  1.54313501e-02,
          -5.93718775e-02, -9.56387222e-02],
         [ 1.05571817e-03,  8.16106498e-02, -3.56689468e-02,
          -4.50373441e-02,  4.84720990e-02]],

        [[-2.77635399e-02,  7.35845715e-02,  3.41506451e-02,
          -4.44910079e-02, -4.85443547e-02],
         [-3.77205834e-02, -4.64918911e-02, -2.32645627e-02,
           2.75439806e-02, -8.45764726e-02],
         [-3.87959704e-02, -3.21398899e-02, -5.95086217e-02,
          -1.22062741e-02, -6.99987356e-03],
         [-8.91111940e-02, -5.28238937e-02,  4.45855185e-02,
          -6.52541686e-03, -7.76033178e-02],
         [-7.53463581e-02, -2.38606874e-02, -3.31676304e-02,
          -8.43518972e-02, -3.69136222e-02]],

        [[ 2.74137408e-02,  8.36898834e-02,  1.98497809e-02,
          -7.21484497e-02, -6.63517267e-02],
         [-7.72043541e-02, -4.47738431e-02,  1.63933426e-01,
          -3.39763425e-03, -1.84271466e-02],
         [ 2.28440762e-02, -1.05450526e-01,  1.24135390e-01,
           1.07828498e-01,  8.37038271e-03],
         [-1.54769227e-01, -7.94945434e-02,  9.38723534e-02,
           7.64289796e-02,  1.49786789e-02],
         [-1.08510114e-01, -7.09487200e-02, -9.05269012e-02,
           4.61928323e-02, -3.10221221e-02]],

        [[ 6.47043437e-02, -1.57350115e-02, -2.95568109e-02,
          -8.55692327e-02, -4.37375158e-02],
         [-6.33272752e-02,  4.80181016e-02, -5.52405231e-02,
           9.76585550e-04, -6.41569495e-03],
         [ 5.29771037e-02, -2.66743489e-02,  3.50021981e-02,
          -5.64401820e-02, -8.70789662e-02],
         [-6.67098835e-02,  5.86120598e-02,  2.92617129e-03,
           8.04098099e-02, -2.00728886e-02],
         [-1.07370257e-01,  2.47138645e-02,  5.62222849e-04,
          -1.66189689e-02, -6.53584450e-02]],

        [[-2.04309579e-02,  6.42223796e-03, -7.13532120e-02,
           2.05998160e-02,  5.97837977e-02],
         [ 5.48709696e-03, -3.74025330e-02,  1.58420280e-02,
           1.25994191e-01,  4.78502847e-02],
         [-8.20900407e-03, -5.18865995e-02, -3.56907472e-02,
           7.43149966e-02,  8.18823799e-02],
         [ 2.42411066e-02, -6.24621734e-02, -4.12422791e-02,
           1.49626568e-01, -3.45565937e-03],
         [-1.00796029e-01, -5.48259318e-02, -7.06126690e-02,
          -4.02322505e-03,  2.80263610e-02]],

        [[ 6.77783927e-03, -6.31389394e-03,  3.57196629e-02,
          -6.44898862e-02, -7.89921656e-02],
         [ 6.51273578e-02,  4.64225672e-02,  1.31524414e-01,
           3.14661749e-02, -6.06653616e-02],
         [-5.31854704e-02,  4.22728360e-02,  1.78445831e-01,
           1.94598862e-03, -2.65959986e-02],
         [-7.43993074e-02,  2.96851210e-02,  8.31050202e-02,
           2.12671719e-02,  8.01613927e-02],
         [-3.71805392e-02, -1.08592913e-01,  7.59671181e-02,
           3.46732810e-02, -4.94163670e-02]]],


       [[[-1.83183011e-02, -8.27384591e-02,  4.11913358e-02,
          -1.71522296e-03, -5.18747941e-02],
         [-1.95751227e-02, -5.34974411e-02,  2.28758659e-02,
          -1.23682665e-02,  4.55193147e-02],
         [ 3.59515250e-02,  4.88957949e-02, -2.46829521e-02,
           2.71673743e-02, -8.94439071e-02],
         [-7.45281801e-02,  6.12942390e-02,  5.53587787e-02,
          -3.79681587e-02, -5.90697452e-02],
         [ 7.50721246e-02,  5.06414287e-02, -6.66865185e-02,
          -6.71198592e-02, -3.87873501e-03]],

        [[ 2.87960283e-02,  4.52683829e-02, -1.37553262e-02,
          -9.27641168e-02, -4.27932069e-02],
         [-3.42061855e-02, -7.76845664e-02,  1.19879106e-02,
           2.37404965e-02,  1.72067843e-02],
         [-1.16183899e-01, -8.12857896e-02, -3.13401744e-02,
          -3.56165841e-02,  2.77148783e-02],
         [ 5.70036098e-02,  1.00173853e-01,  6.59398511e-02,
           4.12549041e-02, -8.47669318e-02],
         [ 2.72336858e-03,  9.07838196e-02, -3.74318250e-02,
          -7.83317536e-02, -9.48310196e-02]],

        [[ 7.52703324e-02,  9.38362107e-02,  4.96379770e-02,
          -1.65599436e-02, -3.58082056e-02],
         [-4.16111238e-02, -4.20868164e-03,  1.15290001e-01,
           4.89403978e-02, -2.86177872e-03],
         [-9.43615660e-02, -8.54255781e-02,  5.89081347e-02,
           3.27998847e-02,  5.61652370e-02],
         [-9.60134119e-02, -5.66963740e-02,  8.00324902e-02,
          -1.73041725e-03, -6.84658214e-02],
         [ 2.47034580e-02,  7.36853182e-02,  5.18596452e-03,
          -1.08686425e-01, -6.25973865e-02]],

        [[-6.84161112e-02, -1.47164986e-02, -2.13998668e-02,
          -8.51375982e-02,  3.91331129e-02],
         [-5.48879094e-02,  3.16655152e-02, -4.51116636e-02,
          -9.08697248e-02,  3.31835635e-02],
         [-8.58010203e-02, -2.55148602e-03, -9.11463723e-02,
          -2.70287059e-02,  1.77195240e-02],
         [-9.62744430e-02, -8.26889426e-02,  7.21280128e-02,
           4.79586907e-02, -6.24724329e-02],
         [ 4.19156067e-02,  6.40078261e-02,  1.96819454e-02,
           8.48942772e-02,  2.87078470e-02]],

        [[-7.71287531e-02,  3.55657795e-03, -8.06045383e-02,
           4.65334691e-02, -8.87228251e-02],
         [ 5.59303351e-02, -2.46904809e-02,  4.61995974e-02,
           6.48416206e-02, -1.58571117e-02],
         [ 1.81882586e-02, -8.52286145e-02,  1.47342281e-02,
           1.26162335e-01, -4.75661829e-02],
         [-6.03122041e-02, -1.21483542e-01,  1.80819873e-02,
           4.19277843e-04, -4.26738448e-02],
         [-1.50117511e-03,  4.68286946e-02,  7.56057650e-02,
          -8.15200061e-03, -7.05577359e-02]],

        [[-7.74139073e-03,  4.67218868e-02, -5.33401296e-02,
          -4.39009536e-03, -3.46838757e-02],
         [-1.69487428e-02,  4.82657999e-02,  1.76414680e-02,
           3.13259289e-02, -8.54001790e-02],
         [-4.07526977e-02, -5.18762581e-02,  8.59111100e-02,
          -1.29900947e-02, -8.40051547e-02],
         [-1.15641855e-01,  5.51986806e-02,  6.14876263e-02,
          -5.28592542e-02, -9.47674587e-02],
         [ 3.87053713e-02, -5.58552444e-02,  7.58467689e-02,
           5.95201030e-02,  4.66626659e-02]]],


       [[[ 7.59746283e-02, -2.84283422e-02, -4.49803658e-02,
          -2.49038301e-02,  4.19886075e-02],
         [-2.07526307e-03,  5.53963557e-02,  7.24857580e-03,
          -1.36622088e-02,  1.31016201e-03],
         [ 6.73635826e-02, -2.28564572e-02, -2.10877322e-02,
           3.93355377e-02, -7.54559189e-02],
         [-2.91275177e-02, -2.45655188e-03, -1.84914619e-02,
          -4.82598506e-02,  5.37501462e-02],
         [ 5.08517846e-02, -9.64194071e-03, -4.23414037e-02,
           2.66064461e-02, -9.82117504e-02]],

        [[ 4.68803309e-02, -6.70853481e-02,  1.88482776e-02,
           1.82979703e-02, -4.39785160e-02],
         [ 6.84768409e-02, -4.20689434e-02, -1.64720267e-02,
          -3.69619057e-02,  1.05272504e-02],
         [-3.06810196e-02, -9.04951543e-02, -2.85091512e-02,
           4.79741320e-02, -7.43255466e-02],
         [ 6.90838546e-02,  7.17836842e-02,  5.28953746e-02,
           2.75608189e-02, -6.86047673e-02],
         [ 2.13905033e-02, -8.04418325e-03, -2.60604918e-02,
          -3.77511196e-02, -3.34082767e-02]],

        [[-4.67273518e-02,  9.92585868e-02, -4.07027081e-02,
          -9.59515721e-02, -8.31674486e-02],
         [ 1.79463327e-02,  7.55974732e-04, -2.58543603e-02,
           1.19799166e-03, -1.09020747e-01],
         [-6.91405982e-02, -1.37804300e-02, -7.31355920e-02,
          -4.68526647e-04, -7.45380521e-02],
         [-9.42694210e-03,  3.35405096e-02,  9.75054651e-02,
           8.98699239e-02,  5.70911393e-02],
         [ 1.75341405e-02,  1.37195170e-01,  1.41157657e-01,
           1.12367511e-01,  2.33341791e-02]],

        [[ 1.19011877e-02, -1.02121728e-02, -1.92434080e-02,
          -6.61192387e-02, -1.05468795e-01],
         [-1.58526581e-02,  9.64759216e-02,  4.88923863e-02,
          -1.08476775e-03, -4.07193378e-02],
         [-6.26658350e-02,  7.79149085e-02,  6.34603277e-02,
          -6.19728491e-02,  2.16260422e-02],
         [-3.34757008e-02, -8.80921409e-02,  3.96333225e-02,
          -2.37566810e-02, -1.95356924e-02],
         [ 1.61099378e-02,  6.04280829e-02,  9.07891542e-02,
           6.89445585e-02,  1.19051309e-02]],

        [[-8.26333985e-02,  1.12453755e-02,  3.71806510e-02,
          -9.57821012e-02, -4.17822227e-02],
         [ 8.00816528e-03,  5.88210598e-02, -1.33821834e-03,
          -7.44643658e-02, -5.75956106e-02],
         [ 1.82733666e-02,  1.30561916e-02,  7.91259632e-02,
          -3.48617435e-02,  6.67694071e-03],
         [-5.26347645e-02, -3.43818404e-02, -2.39921547e-02,
          -1.85855106e-03, -6.96550980e-02],
         [ 9.33037722e-04, -3.68472412e-02, -3.60426977e-02,
          -4.72906902e-02, -3.12268343e-02]],

        [[ 5.83167486e-02, -6.96382523e-02, -1.09564923e-01,
          -1.25811964e-01, -6.45568371e-02],
         [ 9.84133109e-02, -4.88283578e-03,  5.03690317e-02,
           7.01857451e-03, -1.39468256e-02],
         [ 2.24533025e-02,  2.63622049e-02,  4.02821004e-02,
          -6.41668737e-02, -4.34218459e-02],
         [ 2.32357793e-02, -7.44592771e-02,  3.07841860e-02,
          -6.80551082e-02, -5.95789328e-02],
         [ 9.99961719e-02,  2.01876760e-02,  3.01070921e-02,
           4.85911081e-03,  8.43765363e-02]]],


       ...,


       [[[-7.22985854e-03, -3.93941291e-02, -4.19427343e-02,
          -3.43210287e-02,  1.29102453e-04],
         [-1.85376219e-02, -8.63973349e-02, -1.12347722e-01,
          -1.47653341e-01,  2.04992332e-02],
         [-7.20826834e-02, -7.00151846e-02, -8.47163126e-02,
          -1.00223541e-01, -1.07395366e-01],
         [-7.74274468e-02, -7.23247696e-03, -9.56189781e-02,
           4.00300957e-02,  3.69153582e-02],
         [ 5.44683449e-02, -1.33624524e-02, -2.93762870e-02,
           5.86697459e-02, -9.75044630e-03]],

        [[ 2.11368017e-02, -1.61921643e-02, -1.17330696e-03,
           9.29463655e-02, -1.32078379e-02],
         [-2.31520794e-02,  7.30611235e-02, -2.70847026e-02,
           1.49542969e-02, -1.05569862e-01],
         [-7.71668255e-02, -3.65927257e-02, -1.16860792e-01,
          -1.16880156e-01, -4.07930091e-02],
         [ 3.81213203e-02,  1.52993593e-02, -1.09685861e-01,
          -1.47503791e-02, -5.39394841e-02],
         [ 5.95697053e-02, -3.04483175e-02, -3.16980407e-02,
           3.49853523e-02,  4.17700484e-02]],

        [[ 1.97828077e-02,  6.30690306e-02,  1.05937108e-01,
           3.61971073e-02, -1.40132606e-01],
         [ 9.19785798e-02,  1.67258576e-01,  2.19368011e-01,
           8.10681358e-02, -2.11925078e-02],
         [-4.65037040e-02,  3.69249992e-02, -2.21142103e-03,
           1.34804234e-01,  5.01749814e-02],
         [-1.72786027e-01, -1.85324773e-01, -1.01288117e-01,
           3.65807414e-02,  8.36791322e-02],
         [-8.73538628e-02, -7.68436044e-02,  1.04819853e-02,
           5.33198044e-02, -8.07674974e-03]],

        [[-8.35201517e-02, -7.21579492e-02, -8.28021467e-02,
           2.92793158e-02,  1.86665803e-02],
         [ 6.76537771e-03,  2.93600354e-02,  7.73804188e-02,
           1.07110105e-01,  2.59370776e-03],
         [ 1.05532613e-02,  2.69567370e-02,  6.72327429e-02,
           3.72288711e-02, -7.15600848e-02],
         [ 1.70912519e-02, -8.70451331e-03, -1.16109047e-02,
           1.27668381e-02, -2.79599428e-02],
         [-7.36315027e-02, -1.06131807e-01, -1.07592665e-01,
           4.86087017e-02,  4.08740528e-02]],

        [[-2.04535592e-02, -1.57070249e-01, -1.63262188e-01,
          -3.88144478e-02, -9.42355394e-02],
         [ 4.10707667e-02,  7.36942738e-02, -4.93448041e-02,
           6.81539923e-02,  3.27791274e-02],
         [ 3.54395881e-02,  5.35698608e-03,  6.08180054e-02,
           9.57107916e-02,  1.12399735e-01],
         [-1.48569927e-01,  1.80823822e-02, -3.61048877e-02,
           8.06921050e-02,  1.16189048e-01],
         [-1.67978868e-01, -1.73765585e-01, -1.84438393e-01,
          -2.07268260e-02, -6.20430277e-04]],

        [[-2.78690755e-02, -7.40709156e-02, -8.62767175e-03,
          -9.30799097e-02, -8.67667422e-02],
         [ 1.16777755e-01,  1.53803676e-01,  6.83301166e-02,
           8.03254098e-02,  2.37624533e-02],
         [ 2.96546333e-02,  3.87411192e-02,  1.60422713e-01,
           1.82259366e-01,  5.58928736e-02],
         [-1.39090344e-01, -7.43664801e-02, -1.15012666e-02,
           1.30269974e-01,  7.62916058e-02],
         [-2.55946908e-02, -1.76087141e-01, -5.25363311e-02,
           6.48862347e-02, -8.29864144e-02]]],


       [[[ 6.06844053e-02, -2.69754119e-02, -6.00883141e-02,
           3.20366323e-02,  5.29878065e-02],
         [-1.72880944e-02, -4.50356826e-02, -9.64476168e-03,
          -6.52607381e-02,  6.47271518e-03],
         [ 6.16729781e-02,  4.16117013e-02, -4.92521301e-02,
           4.25571688e-02, -6.78638965e-02],
         [ 5.49396351e-02,  8.38324726e-02,  2.38666944e-02,
           2.78633591e-02,  8.98262709e-02],
         [ 2.54276395e-02, -1.35846417e-02,  3.13803628e-02,
           7.80508667e-02, -1.13842739e-02]],

        [[-3.27662006e-02,  4.39051464e-02,  6.51225001e-02,
           7.45404363e-02,  2.93971747e-02],
         [-4.77381870e-02,  3.85978706e-02, -2.28729360e-02,
          -3.52333523e-02, -6.23940714e-02],
         [ 1.17459204e-02,  4.02915664e-02, -4.66234721e-02,
          -6.69927150e-02,  2.50656046e-02],
         [-3.26372348e-02,  5.88415489e-02,  1.69314444e-02,
          -3.38392332e-02,  1.17370682e-02],
         [-9.22997307e-04, -5.22072315e-02,  7.68069411e-03,
           4.95818183e-02, -5.12433946e-02]],

        [[ 4.08187732e-02, -2.25142464e-02,  6.92369714e-02,
          -3.36717209e-03,  5.55929821e-03],
         [-3.23538259e-02, -2.27702353e-02, -8.28349590e-02,
           5.87993264e-02,  2.23620422e-02],
         [-7.77325332e-02,  3.23631205e-02, -4.89418767e-02,
          -1.53130321e-02, -8.42648521e-02],
         [-7.18723685e-02, -1.80111416e-02, -1.06907703e-01,
          -1.23153150e-01, -8.22818503e-02],
         [ 2.50845049e-02,  4.51986417e-02, -5.19251823e-02,
          -5.13948826e-03, -9.04957019e-03]],

        [[-2.40265112e-03,  4.89334166e-02, -2.87784776e-03,
           3.25097367e-02,  3.64440307e-02],
         [ 9.83113348e-02,  6.19108379e-02,  4.75228354e-02,
          -5.78455813e-02,  1.90480556e-02],
         [-3.82708609e-02, -2.26008836e-02,  5.12467027e-02,
           1.19873686e-02,  7.32258707e-02],
         [ 4.58215736e-03, -1.39380824e-02, -6.60346448e-02,
          -3.47069874e-02, -7.00710416e-02],
         [ 5.06292423e-03, -8.35822821e-02, -4.27884310e-02,
           6.47573620e-02, -6.66240379e-02]],

        [[ 4.80995327e-02,  5.06660044e-02,  6.29952401e-02,
          -6.23216340e-03, -5.63574489e-03],
         [ 5.99355400e-02,  2.38167532e-02, -3.85213010e-02,
           2.44174749e-02,  9.13711116e-02],
         [ 8.72004479e-02, -4.84658591e-03, -9.64318216e-02,
           5.24960048e-02, -3.79510000e-02],
         [ 6.28626794e-02, -1.05047002e-01, -9.97559279e-02,
          -1.90290399e-02,  3.48173454e-02],
         [ 2.45610252e-02,  3.77330109e-02,  3.32784764e-02,
          -1.38049228e-02,  2.96737198e-02]],

        [[ 5.16837351e-02,  1.01360999e-01,  1.26424402e-01,
           8.50619972e-02,  1.27056137e-01],
         [ 2.95944065e-02, -2.61439588e-02,  8.50724727e-02,
           7.53821880e-02,  4.26621512e-02],
         [-1.19737409e-01, -4.62047979e-02, -4.83487062e-02,
          -1.05978727e-01, -9.52559859e-02],
         [-4.46187183e-02,  4.12320495e-02, -6.35274649e-02,
          -1.13349117e-01, -5.27375862e-02],
         [-4.13190052e-02, -2.36786027e-02, -8.07250291e-02,
          -1.89356282e-02, -5.45852371e-02]]],


       [[[ 7.61939585e-02,  8.45535100e-02,  9.06060040e-02,
           2.88400538e-02,  7.24928007e-02],
         [-7.48616531e-02,  4.59517166e-02,  6.15536943e-02,
           3.30567732e-02, -3.48272733e-02],
         [-6.34833798e-02, -2.52296124e-02,  4.20238897e-02,
          -9.26779397e-03,  4.50081192e-02],
         [ 6.33602496e-03,  4.04453091e-02,  7.08397944e-03,
          -2.97806077e-02,  2.68151667e-02],
         [ 5.01142908e-03, -5.56550622e-02,  6.58326000e-02,
          -2.76892241e-02,  1.38168633e-02]],

        [[ 1.79168712e-02, -6.84466437e-02,  2.13265419e-02,
          -8.53381008e-02, -1.64175257e-02],
         [ 6.24724030e-02,  7.79245198e-02,  8.59162062e-02,
           4.68173958e-02, -5.87708130e-02],
         [ 4.09776047e-02,  1.79770794e-02,  5.94272986e-02,
           2.53841616e-02, -5.78498356e-02],
         [-5.85422888e-02,  2.84955017e-02,  2.88446508e-02,
          -4.41357121e-02, -8.70009214e-02],
         [ 5.13160452e-02, -3.57430205e-02, -3.51505727e-02,
          -5.75376526e-02, -6.52344376e-02]],

        [[-1.16249919e-01, -7.78827965e-02,  5.77443913e-02,
           3.33867897e-03, -5.54620437e-02],
         [-2.49547064e-02, -5.33730276e-02,  1.03888310e-01,
          -2.99454713e-03,  1.49596706e-02],
         [ 1.21547412e-02,  7.88391829e-02,  7.12499488e-03,
          -1.38607044e-02,  1.98620278e-02],
         [-5.88218383e-02,  2.07006894e-02, -1.66443046e-02,
          -1.08261190e-01, -7.95561224e-02],
         [-6.06000610e-02, -1.27155542e-01, -3.50892767e-02,
          -9.09995884e-02,  1.39032556e-02]],

        [[-5.86466268e-02,  6.15728982e-02,  5.45156226e-02,
           4.92732227e-02, -6.54943381e-03],
         [ 4.87659052e-02, -7.31282383e-02,  7.98094571e-02,
           8.07761699e-02, -5.73499277e-02],
         [-4.21385188e-03,  2.86158137e-02, -2.82195564e-02,
          -5.85083198e-03,  3.22299004e-02],
         [ 5.55676818e-02,  6.70786202e-02,  1.31893698e-02,
          -2.78819110e-02,  1.48701053e-02],
         [ 1.52716343e-03, -7.11675137e-02, -1.07918099e-01,
          -1.01305328e-01, -1.00524746e-01]],

        [[ 4.72967699e-02, -1.34863956e-02,  3.38734649e-02,
          -1.17689176e-02,  4.05390039e-02],
         [ 1.79438461e-02, -3.62445461e-03, -2.92275436e-02,
           5.26741147e-02, -8.05739537e-02],
         [ 1.65425949e-02,  6.73300866e-03,  5.25951870e-02,
           1.21647343e-01, -3.50243114e-02],
         [ 7.28200451e-02,  7.34294355e-02, -5.69858924e-02,
          -6.49652705e-02, -7.00905621e-02],
         [ 6.78243488e-02,  1.48535501e-02, -9.93998274e-02,
          -5.26599120e-03, -6.85887486e-02]],

        [[-6.00032322e-02,  1.05029784e-01,  9.74426121e-02,
           6.18178062e-02, -7.42733628e-02],
         [ 9.41959210e-03,  2.34874133e-02,  5.49046174e-02,
          -8.80312733e-03, -8.42484161e-02],
         [ 1.03360871e-02,  8.89467448e-02,  6.57960847e-02,
           1.02897264e-01,  6.59885779e-02],
         [ 3.08778677e-02, -4.92960513e-02, -5.99425919e-02,
          -5.59016168e-02, -5.89580163e-02],
         [-8.72743279e-02, -8.56641680e-02, -6.00593910e-02,
          -1.03956601e-02,  4.24176864e-02]]]], dtype=float32), array([-0.05644853,  0.0019293 , -0.02755158, -0.0267505 , -0.04212064,
        0.00758628,  0.02941268, -0.08192857,  0.04607081, -0.04629341,
       -0.01635892, -0.02711191,  0.03508645, -0.06785704,  0.07258646,
       -0.06256676], dtype=float32), array([[-0.04605266, -0.01297023,  0.00854566, ...,  0.0335599 ,
         0.0144344 ,  0.01359291],
       [ 0.03100082,  0.05733284, -0.00254246, ...,  0.02401253,
        -0.05678099, -0.06103839],
       [-0.01797863,  0.02780687,  0.05574095, ...,  0.04696088,
         0.05442251, -0.03524533],
       ...,
       [-0.04417393,  0.02005344, -0.01518494, ..., -0.02499783,
         0.06288003,  0.00880607],
       [-0.06482361, -0.02727524, -0.01908335, ...,  0.02316006,
        -0.03958616,  0.0487975 ],
       [-0.05894721, -0.01308386,  0.08031969, ..., -0.0544496 ,
        -0.03721619, -0.04065764]], dtype=float32), array([ 0.00797959,  0.04361937, -0.03579517,  0.06720003,  0.05060682,
       -0.02593664, -0.04880943, -0.03402605,  0.02097046,  0.01669166,
       -0.04227038,  0.05213676,  0.05856766, -0.00360321, -0.04714066,
       -0.00018148,  0.01942511,  0.01878282, -0.03761016,  0.03937192,
        0.0239101 , -0.02610541,  0.03505956, -0.00184178, -0.0167566 ,
       -0.01808239, -0.04558633, -0.04225108, -0.04367045, -0.04394259,
        0.03924301,  0.04636899,  0.05179812, -0.05598565,  0.01557416,
       -0.05120423, -0.05546734,  0.01339207, -0.02544284, -0.05271424,
        0.01886168,  0.00772072, -0.00991619, -0.05890277,  0.00335078,
       -0.05280427,  0.03453663, -0.0288366 , -0.04830867,  0.03608543,
       -0.0594215 ,  0.0515403 ,  0.02419589,  0.042844  , -0.04028639,
        0.02176176,  0.01060309,  0.0009274 , -0.05823379, -0.04484163,
       -0.01526033, -0.01336166,  0.05427206, -0.03482055, -0.04761617,
       -0.05786984,  0.04540015, -0.01801914, -0.06245555,  0.01441731,
        0.06474061,  0.03691399,  0.0096229 , -0.05617046,  0.0465225 ,
        0.03987082,  0.02105984,  0.05296268,  0.0478782 , -0.03061299,
       -0.02174474, -0.05157234,  0.03259788, -0.04306664, -0.00335773,
       -0.03383974,  0.04748882, -0.05211762, -0.01203457,  0.04353685,
       -0.00758013,  0.03424542, -0.0404497 ,  0.00887878, -0.00443695,
       -0.02692443, -0.01490242,  0.05463632,  0.03710516, -0.05097534,
       -0.01496374,  0.05837868, -0.05354353,  0.0413309 , -0.02567307,
        0.0017571 ,  0.01285392,  0.04775569, -0.01189214, -0.02866136,
       -0.03908352,  0.00200966,  0.00679919,  0.00675593, -0.03078743,
        0.02661987, -0.0527053 ,  0.0161322 ,  0.02181984, -0.03053548],
      dtype=float32), array([[-0.00636554, -0.09890669,  0.06276484, ..., -0.0868256 ,
        -0.02427152,  0.02493039],
       [-0.03739937,  0.04483532,  0.05254973, ...,  0.07276998,
        -0.07685246,  0.08482051],
       [-0.01898079, -0.00302703, -0.06095157, ..., -0.04838283,
        -0.08229022, -0.00554444],
       ...,
       [-0.0341676 , -0.07664484, -0.03519472, ...,  0.03150196,
        -0.07255219,  0.02824254],
       [-0.0430449 , -0.02001061,  0.07614314, ..., -0.07232559,
        -0.05919077,  0.07303478],
       [-0.03624897,  0.0552591 , -0.04297538, ..., -0.04933242,
        -0.04742146, -0.03096198]], dtype=float32), array([-0.01434921,  0.07187211,  0.07716426,  0.04877242, -0.00163374,
        0.02443975, -0.03290877, -0.01684964,  0.00234037, -0.08226196,
       -0.07588263, -0.03725657,  0.03421673,  0.08897114, -0.06037614,
        0.08565455, -0.0504851 ,  0.08852388,  0.0607641 , -0.02811402,
       -0.08584093,  0.00616624, -0.01183745,  0.03383522,  0.01411812,
        0.08350731,  0.05853048, -0.06251631,  0.02742555, -0.08053462,
        0.01759116,  0.01581706,  0.02671709,  0.05148698,  0.01548006,
        0.07935714, -0.01399876, -0.00133221,  0.06725906,  0.01181865,
        0.04519897,  0.0796723 , -0.01466177,  0.00349743, -0.04850344,
        0.08594646,  0.02143652,  0.01143775,  0.03529953,  0.04857389,
       -0.03512232, -0.0804359 ,  0.04741386,  0.05472912,  0.02730558,
       -0.032668  , -0.06640092,  0.08333214, -0.02018581, -0.07636805,
       -0.06009892,  0.05272976, -0.02563563,  0.07417189,  0.02327148,
       -0.02221127, -0.00942028,  0.06470621, -0.0370588 , -0.07718991,
       -0.0690098 ,  0.04286068,  0.00877209, -0.05526796, -0.06532304,
       -0.10383971, -0.05821585, -0.02960231, -0.03391538,  0.04444518,
       -0.03803087,  0.07656582, -0.03992778, -0.08740704], dtype=float32), array([[ 5.35468757e-02,  1.72047526e-01,  5.99354617e-02,
        -8.76122266e-02,  1.77067947e-02, -6.18894100e-02,
         3.68891805e-02, -1.13412544e-01, -1.02529049e-01,
         3.27480771e-02,  1.47114441e-01, -2.66311374e-02,
        -3.65858190e-02, -7.58286789e-02, -1.73047721e-01,
        -3.72224823e-02,  3.16382527e-01, -1.14996377e-02,
        -6.22727349e-02,  5.90352248e-03, -3.21092643e-02,
         6.73770159e-02,  4.29320745e-02, -1.12943076e-01,
        -9.05353278e-02,  4.10082052e-03,  5.85860796e-02,
         4.66586724e-02, -7.34708225e-03,  2.22181343e-02,
        -1.56517774e-01, -1.68455690e-01,  1.38300374e-01,
        -4.03134823e-02,  6.60238639e-02, -9.49024409e-02,
        -1.76301837e-01, -1.22620285e-01,  5.52919880e-02,
         9.72059891e-02,  8.37031305e-02,  1.99960452e-02,
        -1.27879083e-01,  1.83968653e-03,  1.10978387e-01,
        -1.55576095e-01,  1.74023863e-02, -5.18319309e-02,
        -3.52563858e-02,  1.11364737e-01,  9.02214572e-02,
        -1.60351489e-02,  8.12575519e-02, -4.05170657e-02,
        -2.40329243e-02, -3.61720622e-02,  4.56247889e-02,
         1.11891292e-01,  1.20155383e-02, -1.08818032e-01,
         6.01030961e-02, -4.90483716e-02, -8.59006047e-02,
         1.04052171e-01,  1.82732150e-01, -8.59249681e-02,
        -1.07371971e-01, -2.20774692e-02,  1.06115118e-01,
        -4.83316779e-02, -9.55472142e-02,  6.75835833e-03,
         5.26284352e-02,  8.28574151e-02,  6.19214699e-02,
        -2.16922387e-02, -9.59009230e-02, -1.03757847e-02,
         3.76804136e-02,  2.43353844e-01, -8.09379444e-02,
        -1.45883486e-01,  4.41538468e-02,  1.52770206e-02],
       [-4.18579802e-02, -1.92766145e-01, -5.66271367e-03,
        -6.88003153e-02, -1.18139863e-01, -1.00821711e-01,
        -5.82739487e-02,  1.86113507e-01, -4.51820791e-02,
        -1.25419926e-02, -9.26435292e-02,  1.40484944e-01,
        -1.39425665e-01,  2.24607661e-01,  4.23404835e-02,
        -7.11970478e-02, -1.20989464e-01, -4.46344391e-02,
        -9.97985750e-02, -8.41881186e-02, -9.53673199e-02,
         1.23651683e-01,  4.25398871e-02, -1.51932508e-01,
        -5.51930554e-02, -4.94062295e-03,  2.23633088e-02,
         1.56349391e-01,  4.91003618e-02, -1.09171048e-01,
         2.33700722e-01, -1.31413147e-01,  1.13315105e-01,
        -1.01764478e-01,  3.32828537e-02,  1.08734056e-01,
         1.30488515e-01,  1.15435317e-01, -3.16850096e-02,
        -1.65950172e-02, -4.57702614e-02,  1.81153528e-02,
         1.12693571e-01, -1.84424594e-01, -6.40389174e-02,
         1.50186643e-01, -1.69017673e-01, -6.50204346e-02,
        -6.12686947e-02, -1.64804488e-01,  7.20425919e-02,
        -3.02176233e-02, -5.36314622e-02, -8.35680217e-02,
         7.03970855e-03,  4.99975607e-02,  1.78797066e-01,
         8.27679038e-02,  1.24855757e-01, -1.04575217e-01,
         4.27378006e-02, -1.01198018e-01, -7.64185786e-02,
        -1.52160481e-01,  4.17626128e-02,  8.84026871e-04,
         1.42083332e-01,  5.38435876e-02,  2.22991593e-03,
        -2.93601793e-03, -3.08015384e-02,  4.92620515e-04,
        -9.74837467e-02, -1.10856578e-01,  6.95945099e-02,
         4.52703312e-02, -4.87890951e-02, -4.78382222e-02,
         6.11731932e-02, -2.51769006e-01, -7.19332844e-02,
         2.23059207e-01,  7.83429593e-02, -3.77260260e-02],
       [ 2.90668067e-02, -7.79341534e-02, -4.40762714e-02,
         8.10713023e-02, -5.23715504e-02, -1.20507598e-01,
         3.93245593e-02,  4.24950896e-03, -7.19766691e-02,
         2.22760631e-04, -4.63218614e-02,  1.75556809e-01,
         9.78209153e-02, -4.43440257e-03,  9.05607454e-03,
         4.36716676e-02,  1.19539499e-01, -6.13977239e-02,
        -9.41868350e-02, -6.31765276e-02, -1.25033140e-01,
         1.48707241e-01, -2.97655221e-02,  1.28913477e-01,
         1.27990112e-01, -5.95935881e-02,  4.73533049e-02,
        -1.22648261e-01, -4.04631160e-03, -3.09518762e-02,
        -3.67133357e-02,  1.27735347e-01,  2.96250526e-02,
         1.69570372e-02, -1.00120284e-01,  8.13269466e-02,
         1.02212541e-02,  1.55030578e-01,  7.36798495e-02,
        -6.92458153e-02, -6.66663870e-02, -3.02662067e-02,
         9.40468982e-02,  7.97712058e-02, -1.40117139e-01,
        -1.48550630e-01, -9.52468514e-02,  1.45929635e-01,
        -1.60460606e-01,  2.47774459e-02, -1.16229914e-01,
        -1.52953923e-01,  6.83475584e-02,  1.12258479e-01,
         7.59035423e-02,  1.23907328e-02, -1.31606221e-01,
         2.22351745e-01,  9.69020203e-02, -4.45297211e-02,
        -1.01075962e-01, -5.03574014e-02, -1.67323239e-02,
         2.50642486e-02,  4.77904379e-02, -3.76026407e-02,
        -1.42762020e-01,  3.82594690e-02, -1.25488609e-01,
        -4.00486365e-02,  8.60087276e-02,  9.69147012e-02,
         7.64391497e-02, -1.78356934e-02, -8.08345154e-02,
         1.09841131e-01, -4.45192233e-02,  6.84811920e-02,
        -4.38244753e-02,  2.20820308e-01,  2.36906447e-02,
         1.85727607e-02, -4.99798767e-02,  1.73455998e-02],
       [-8.70637149e-02, -6.37059733e-02,  6.83938265e-02,
        -9.41333622e-02,  8.57013911e-02,  3.37715223e-02,
        -6.19468279e-04, -8.92893672e-02, -1.00953475e-01,
        -4.99670990e-02,  1.05324484e-01, -1.07865609e-01,
         1.47499353e-01,  5.33296764e-02,  7.21123368e-02,
         1.29483908e-01,  1.39537929e-02, -2.45050676e-02,
         5.15564606e-02, -2.17348356e-02,  1.58325270e-01,
         6.55392110e-02,  1.31477863e-01, -1.21716037e-01,
         1.09887578e-01,  5.10291532e-02, -8.59536529e-02,
         7.10694268e-02, -1.11204408e-01, -7.86295831e-02,
         6.96884841e-02,  7.34553933e-02, -1.29976124e-01,
         6.63873777e-02, -1.45107374e-01,  4.63287160e-02,
         1.12665460e-01,  1.20648287e-01,  2.56226748e-01,
         5.20873889e-02,  3.91362794e-02,  1.03390299e-01,
         6.84601292e-02, -3.34806331e-02, -2.97882259e-02,
         8.27164203e-02,  9.24377218e-02, -2.09428862e-01,
        -1.12322763e-01,  1.49598241e-01,  4.58229519e-02,
        -5.02008712e-03, -1.62558973e-01,  2.01594621e-01,
        -1.52114004e-01,  7.86647424e-02,  6.45524189e-02,
        -9.34102684e-02, -2.06771935e-03,  1.96881983e-02,
         1.01538859e-01, -4.17660475e-02, -9.86334905e-02,
         2.97363736e-02,  5.89802749e-02, -2.89941374e-02,
         5.70970848e-02, -2.58630179e-02, -9.53512192e-02,
        -1.76648684e-02,  6.23090658e-04,  3.27418698e-03,
        -5.25878556e-02, -3.83406952e-02,  7.90737867e-02,
        -5.02644945e-03,  5.80678694e-02, -1.23339742e-02,
        -3.87739576e-02,  4.75443639e-02, -3.95531841e-02,
        -1.51348457e-01, -7.42846280e-02,  5.94618842e-02],
       [ 8.73792693e-02,  3.42418030e-02,  4.56245802e-02,
         7.03730667e-03,  1.87012956e-01,  1.93584293e-01,
         9.10179541e-02, -1.08495928e-01,  7.65850693e-02,
        -6.33016676e-02, -1.43550649e-01, -1.80822179e-01,
         9.78930518e-02,  1.93023644e-02, -5.06946743e-02,
        -1.57220766e-01,  2.44238395e-02,  6.94697350e-02,
         9.95804220e-02, -1.85246728e-02, -1.11459099e-01,
        -5.18486202e-02, -3.96604501e-02,  2.93094993e-01,
         1.23769930e-02,  7.81581923e-02, -9.81912762e-02,
        -4.51993011e-02,  8.65969136e-02, -6.49017561e-03,
        -1.13050774e-01,  3.15835997e-02, -3.01472042e-02,
         1.06743991e-01, -2.39654328e-03, -1.09357975e-01,
         1.75506733e-02,  1.25679644e-02, -9.31590945e-02,
        -1.13129750e-01,  4.34854068e-03, -5.56791499e-02,
         3.57522033e-02, -3.08898743e-02,  7.63051119e-03,
         1.89440399e-01, -2.19023935e-02,  1.01199172e-01,
        -4.07077000e-02, -1.28873825e-01, -8.20428412e-03,
        -2.19090916e-02, -4.11519520e-02, -1.37970462e-01,
         2.82254100e-01,  2.83466429e-02, -6.02240488e-02,
        -2.11021453e-01,  3.42754945e-02,  1.28437087e-01,
         9.03276801e-02, -1.03350937e-01,  5.29619865e-02,
        -2.35562958e-02, -7.33795241e-02, -7.22689927e-02,
         2.84326216e-03,  8.76675099e-02, -3.22287716e-03,
        -8.96236077e-02, -7.93763250e-02,  7.41393119e-02,
        -5.84355369e-02, -1.05186716e-01, -4.90012653e-02,
         8.78893584e-02, -2.63037868e-02, -5.54575510e-02,
         8.97527114e-02, -1.56378374e-01,  2.04790644e-02,
        -6.52989894e-02, -7.07502440e-02,  3.94660681e-02],
       [-1.55597329e-01,  1.01916328e-01,  4.71319035e-02,
         6.61451295e-02,  6.79097250e-02,  5.77130318e-02,
        -5.67502081e-02, -5.74847870e-02,  4.78303321e-02,
        -8.34730044e-02,  1.18418537e-01, -1.26070529e-02,
         8.98161381e-02, -1.99517105e-02,  1.21703371e-01,
        -1.61149293e-01, -1.29002810e-01, -1.92265734e-02,
        -1.80391967e-02,  7.30640143e-02,  2.28855178e-01,
        -6.13232777e-02,  1.46957353e-01, -1.69592146e-02,
         7.25004449e-02,  1.15960434e-01,  5.45359179e-02,
        -2.12231241e-02, -3.57145928e-02,  2.73560248e-02,
        -8.06066021e-02, -1.55221909e-01, -2.44327094e-02,
        -9.78911370e-02,  1.76630095e-01, -4.85598035e-02,
         7.80390427e-02, -1.00689963e-01,  3.48784216e-02,
         7.76716545e-02,  9.91188064e-02,  8.31500515e-02,
        -1.12950802e-01,  7.78771490e-02,  5.95988706e-02,
         7.42922053e-02,  9.52307228e-03, -1.01184621e-01,
         4.96220142e-02,  1.65543154e-01, -1.06001519e-01,
         1.58052042e-01,  3.85948643e-02,  8.68944675e-02,
        -1.15516283e-01, -4.39098105e-02,  2.17653578e-03,
         9.18137357e-02,  3.30976769e-02,  2.00663373e-01,
        -2.04451028e-02, -3.55745666e-02,  5.94140999e-02,
        -1.40319141e-02,  7.60289654e-02, -1.18447971e-02,
        -1.48485273e-01,  5.98991141e-02,  2.70410161e-03,
         8.65420476e-02, -3.31973881e-02,  8.98167342e-02,
         1.57474279e-01,  2.73046345e-02, -5.89287877e-02,
        -9.09040719e-02, -9.33269113e-02, -3.61679867e-02,
         7.51601309e-02, -9.08205956e-02,  9.33260396e-02,
        -6.08585589e-02,  8.95346999e-02, -5.47642596e-02],
       [-1.38589427e-01, -1.82253033e-01,  5.52462135e-03,
         7.46215582e-02, -3.41481343e-02,  1.43707484e-01,
        -5.94652966e-02, -1.03234593e-02, -8.12299997e-02,
         8.82154331e-02, -5.06102256e-02,  1.34959142e-03,
        -8.11255127e-02,  2.68920213e-02, -1.64081175e-02,
        -1.09218255e-01, -8.13515037e-02,  7.58093491e-04,
        -8.76334980e-02,  1.18670881e-01,  1.94176584e-02,
         1.40531197e-01, -1.01710938e-01,  1.26245603e-01,
        -2.04095617e-03,  8.14189669e-03,  5.90027217e-03,
         8.86587240e-03,  2.57357452e-02, -3.69736413e-03,
        -7.91919976e-02, -1.32174999e-01,  6.38328269e-02,
         1.80831343e-01,  5.03292568e-02,  1.44044504e-01,
        -6.02341294e-02, -1.61981195e-01, -1.91932619e-01,
        -8.68558139e-02, -4.82027121e-02,  9.98315141e-02,
        -5.10344580e-02,  1.19506657e-01,  2.03624561e-01,
         6.54908717e-02, -1.51349276e-01,  1.45729348e-01,
        -2.46491432e-01, -8.28387029e-03,  1.41569421e-01,
         2.44600147e-01, -6.30759299e-02, -8.30734149e-02,
         1.37753533e-02, -6.77741319e-02,  1.88076980e-02,
        -1.65195130e-02, -1.01319328e-01,  2.91870981e-02,
         8.67609158e-02, -3.81136052e-02, -1.06062770e-01,
         1.42842978e-01, -1.10438146e-01, -6.03720266e-03,
        -1.89682037e-01,  5.74479103e-02, -9.54078957e-02,
         6.11109380e-03, -1.00756668e-01,  8.37150812e-02,
        -6.11957442e-03,  9.61181968e-02,  5.55361807e-02,
         5.45403138e-02, -7.66313300e-02, -1.98286884e-02,
         4.84340750e-02, -2.24938653e-02,  2.19899714e-02,
         8.01401734e-02, -2.87255235e-02,  9.60519537e-02],
       [ 2.79264629e-01,  1.72501370e-01,  1.84597224e-02,
        -3.59605551e-02, -1.40430585e-01,  5.35339005e-02,
        -9.39436108e-02,  3.59481759e-03, -9.83750671e-02,
        -1.86368469e-02,  8.03975761e-02,  3.50549966e-02,
        -6.15174845e-02, -4.50703315e-02, -1.78883632e-03,
         1.30182475e-01, -1.21903777e-01, -2.24991232e-01,
        -2.81119347e-02, -8.80939960e-02,  5.67568652e-03,
         1.74725428e-02,  5.55258766e-02, -1.29338965e-01,
         1.21298291e-01,  1.01968862e-01, -7.15769008e-02,
        -1.09310172e-01,  7.40281269e-02, -7.82807618e-02,
         2.33749207e-02, -3.15871537e-02,  1.13281906e-01,
        -1.23693898e-01,  6.18968681e-02, -3.53268161e-02,
        -4.82282881e-03,  1.21073864e-01,  8.57718512e-02,
         8.71051401e-02,  7.17249587e-02, -6.40139729e-02,
         1.32464319e-01, -5.55609167e-02, -1.62691057e-01,
        -2.68103659e-01,  1.66925192e-01, -1.94931473e-03,
         2.22518757e-01, -2.24624425e-01, -3.31974700e-02,
        -1.52442902e-01,  9.72405374e-02, -4.36058603e-02,
         2.27004904e-02,  9.18259025e-02,  2.07711123e-02,
        -7.24043846e-02, -1.43017918e-02, -1.02652408e-01,
        -8.98441076e-02, -9.31915566e-02, -2.98051052e-02,
        -1.74732238e-01,  1.06367007e-01,  7.94675499e-02,
         1.34886384e-01, -1.03854075e-01,  5.76558299e-02,
        -4.78379540e-02, -5.98437944e-03,  3.71111333e-02,
        -6.86208010e-02,  8.82320572e-03,  6.43848628e-02,
         4.23001423e-02, -1.27500470e-03, -7.18409941e-03,
         5.96508309e-02, -1.00186631e-01,  6.75412640e-02,
        -2.40371171e-02, -3.22157033e-02,  4.52550240e-02],
       [-1.07193448e-01, -9.41720325e-03, -4.99010272e-02,
        -2.59345863e-02, -9.55151045e-04, -1.61049992e-01,
         8.16491097e-02, -1.91779323e-02, -8.91468897e-02,
        -2.38628797e-02, -1.11197889e-01,  2.00686291e-01,
         1.28029391e-01,  1.11469962e-01,  1.64333642e-01,
         1.60684198e-01, -1.18341841e-01,  1.01582386e-01,
         8.37726332e-03, -1.09657429e-01, -2.31341086e-02,
         8.64807069e-02, -1.63972706e-01, -1.08073175e-01,
         1.08242566e-02,  6.40526563e-02, -8.91650021e-02,
         6.55821264e-02, -1.57622740e-01, -6.70924559e-02,
        -4.20815535e-02,  7.54279941e-02,  6.53386563e-02,
        -6.61975592e-02,  1.22182608e-01, -1.77288242e-02,
         1.48582190e-01, -1.15078568e-01, -4.06726860e-02,
        -2.72932313e-02, -2.03696527e-02, -7.40143508e-02,
         5.08441031e-02,  8.50719139e-02,  6.28685728e-02,
         1.90727472e-01,  3.50203402e-02,  1.29668444e-01,
         1.06351040e-01,  9.89275798e-02, -2.41246037e-02,
        -1.08647868e-01,  1.50023356e-01,  8.60748217e-02,
        -1.48006648e-01,  2.62032188e-02,  3.23779061e-02,
        -5.66231124e-02, -1.17387675e-01,  1.64591700e-01,
         2.85737626e-02, -1.11093316e-02,  6.56079799e-02,
         9.21815983e-04, -2.32031737e-02, -9.67390761e-02,
         3.23362984e-02,  7.36777708e-02,  9.48064495e-03,
        -8.37317407e-02, -4.99963835e-02,  5.08937426e-02,
        -1.16740016e-03, -8.33038390e-02, -3.02676260e-02,
        -3.48243527e-02,  5.97252958e-02, -1.18405685e-01,
        -2.38087624e-02, -1.83202382e-02, -4.10473719e-02,
         3.76840727e-03, -4.87411693e-02, -5.20756245e-02],
       [ 2.59710342e-01,  2.15537637e-01, -2.92542726e-02,
         5.04476205e-02,  1.10093296e-01,  7.29172453e-02,
         7.53542185e-02, -1.48497730e-01, -6.93208724e-02,
        -5.02518415e-02,  2.77991705e-02, -2.15980574e-01,
         1.13904372e-01,  3.09066977e-02, -2.57626176e-02,
         2.09859103e-01, -9.79510546e-02, -4.33448628e-02,
         4.60406765e-02, -8.58906284e-02, -6.16807640e-02,
        -1.73407987e-01,  6.72221929e-02,  1.19685933e-01,
        -6.47666156e-02,  1.17277600e-01,  6.70249760e-02,
         1.16162397e-01, -1.16849281e-01,  2.54381802e-02,
         6.60470268e-03,  1.66214466e-01, -1.06715940e-01,
        -4.03068364e-02, -7.46813565e-02, -9.20597315e-02,
         8.91713947e-02, -3.84400599e-03, -8.45490545e-02,
         3.05181257e-02,  8.11433196e-02,  8.08496177e-02,
        -2.64513791e-02, -7.96499401e-02, -2.16625277e-02,
         9.45984870e-02,  8.17319676e-02,  3.80988084e-02,
         3.00370213e-02,  3.81595455e-02, -3.95902572e-03,
        -1.96479708e-02,  8.83726478e-02,  5.94891421e-02,
         1.93571821e-01, -4.75609675e-03, -9.37713608e-02,
        -6.80568665e-02,  1.09001761e-02,  3.03879268e-02,
        -2.24932823e-02, -7.88033158e-02,  1.00225292e-01,
        -7.06745014e-02, -9.55626965e-02,  6.18830249e-02,
         1.31347880e-01,  7.55098313e-02,  6.20834250e-03,
        -1.05450012e-01,  9.57467183e-02,  1.07977547e-01,
        -8.65974650e-03, -4.34354171e-02,  8.85366648e-02,
        -8.18509012e-02,  6.63105175e-02, -7.96517879e-02,
        -1.03227340e-01,  1.68554182e-03, -4.19443026e-02,
        -1.21478520e-01,  7.84717500e-02,  4.92740460e-02]], dtype=float32), array([ 0.03776823,  0.09097405,  0.05113748, -0.08177091, -0.03254969,
        0.00485602, -0.10174463,  0.06881805, -0.0699956 , -0.0915969 ],
      dtype=float32)]}
Previous Hash: 000909b3668d907437575b0ffe38f4ddc0a0c5b91893ae6c3c381587ed290cfa
Hash: 0001890b874dfd097ef32f4fe344d598838d0d0bcdc79a08405769da03f30562
