Index: 1
Timestamp: 1735673558.5359998
Data: {'model_weights': [array([[[[ 0.01583637, -0.11412543, -0.10990705,  0.02729918,
          -0.17895019],
         [-0.20631938,  0.02263388, -0.1342458 ,  0.02988795,
          -0.14887378],
         [-0.05779161, -0.03517955, -0.12710924,  0.00592481,
           0.1369826 ],
         [-0.02008454, -0.1983573 , -0.17955215,  0.05670379,
           0.22631268],
         [-0.02493928, -0.1527228 , -0.18223299, -0.05506779,
           0.09888754]]],


       [[[-0.13677146, -0.1432304 ,  0.00957881, -0.17667112,
          -0.10474529],
         [ 0.15477356, -0.20696971, -0.04643058,  0.05773536,
           0.10381986],
         [-0.12512192, -0.11617496, -0.03402557,  0.21362424,
           0.13734096],
         [-0.10878651,  0.01159188, -0.12073471,  0.03676589,
           0.07318065],
         [ 0.09800026,  0.09189814,  0.2410551 ,  0.12141168,
           0.03255923]]],


       [[[-0.01011943, -0.0758753 ,  0.24174735, -0.0905573 ,
          -0.08185144],
         [-0.03627368, -0.08962598,  0.17020856,  0.22109154,
           0.23104529],
         [ 0.15979338,  0.08402923,  0.1697388 ,  0.19272311,
           0.10739668],
         [ 0.18708733, -0.09377495,  0.14533958,  0.33987528,
           0.33258605],
         [ 0.2243623 , -0.00245364, -0.00989051,  0.2500264 ,
           0.20055048]]],


       [[[-0.07965984, -0.00901346,  0.15342875,  0.10080761,
           0.04566626],
         [-0.01287722,  0.10282369,  0.12698892,  0.15171388,
          -0.07779504],
         [ 0.17947891,  0.18522719,  0.14762494,  0.14398037,
          -0.17136478],
         [ 0.04460687,  0.02897367, -0.16806528, -0.1187021 ,
           0.16179322],
         [-0.03031998, -0.03908879, -0.11621823,  0.00601205,
           0.12683076]]],


       [[[-0.05791329,  0.31473997,  0.29499665,  0.17908062,
          -0.14395157],
         [ 0.06744994,  0.29522187,  0.07448681,  0.21023667,
          -0.16727053],
         [-0.0036306 ,  0.12692639,  0.11708839,  0.15348826,
           0.08605129],
         [ 0.04516169,  0.13544697, -0.12517254,  0.09589197,
           0.06866969],
         [-0.04321619,  0.14423522,  0.00284327, -0.09371317,
          -0.1083887 ]]],


       [[[-0.00863735,  0.18919054, -0.06911309,  0.13539818,
           0.1116181 ],
         [ 0.20617509,  0.0705471 , -0.10189859,  0.2013917 ,
           0.3128001 ],
         [ 0.15120587, -0.02526022,  0.0455507 ,  0.03212546,
           0.3294023 ],
         [-0.06770303,  0.0451804 ,  0.02961808,  0.23273058,
           0.17298624],
         [-0.15132935, -0.13625488, -0.00554067, -0.13061453,
           0.2137564 ]]]], dtype=float32), array([-0.05774332, -0.01282468, -0.13671544,  0.00827548,  0.02032794,
        0.17593373], dtype=float32), array([[[[ 5.88220358e-02, -5.54886647e-02,  2.92400066e-02,
           2.78145969e-02, -4.57180552e-02],
         [ 5.63551672e-02,  4.97768298e-02, -7.53911817e-03,
          -8.20391029e-02,  6.13329299e-02],
         [ 9.86377709e-03,  5.71308732e-02,  4.94332053e-02,
          -6.78812638e-02, -7.47322291e-02],
         [ 7.75632039e-02, -2.13979576e-02,  1.71115287e-02,
          -5.57186604e-02, -8.28312486e-02],
         [ 3.90863046e-03,  8.61630142e-02, -3.45006399e-02,
          -3.86486053e-02,  6.40672743e-02]],

        [[-3.12249362e-02,  7.50149414e-02,  3.30668241e-02,
          -4.60468046e-02, -3.06329783e-02],
         [-4.29146104e-02, -3.68936881e-02, -1.91601552e-02,
           4.39945757e-02, -5.47299199e-02],
         [-3.64267416e-02, -1.13203060e-02, -4.98602204e-02,
           1.08495252e-02,  1.17904041e-02],
         [-7.73772374e-02, -3.41965109e-02,  5.01375496e-02,
           4.52632923e-03, -6.02704957e-02],
         [-7.09933415e-02, -1.72730368e-02, -2.60264836e-02,
          -7.18476027e-02, -2.04371437e-02]],

        [[ 3.68271396e-02,  8.34434852e-02, -5.72913326e-04,
          -6.27956688e-02, -1.54089853e-02],
         [-7.86917061e-02, -4.06609103e-02,  1.39674306e-01,
           6.88681100e-03,  5.18921688e-02],
         [ 2.04615034e-02, -8.27544034e-02,  1.04598261e-01,
           8.97101536e-02,  4.16581035e-02],
         [-1.28310636e-01, -3.76571231e-02,  8.87858719e-02,
           4.50825505e-02,  8.21775664e-03],
         [-7.44189173e-02, -3.48856151e-02, -6.87161982e-02,
           5.13938367e-02, -2.02793367e-02]],

        [[ 7.49104172e-02, -1.80492084e-02, -2.54678428e-02,
          -6.59401789e-02, -3.33311744e-02],
         [-5.49506769e-02,  4.46101651e-02, -5.87265790e-02,
           6.40883436e-03,  4.01767995e-03],
         [ 4.56103384e-02, -3.33489105e-02,  3.20866629e-02,
          -5.10495380e-02, -6.88157529e-02],
         [-7.66870379e-02,  6.43247887e-02,  1.58049278e-02,
           8.32330957e-02, -1.88360773e-02],
         [-9.90403816e-02,  4.23818827e-02,  2.26612519e-02,
          -1.79978963e-02, -7.11876452e-02]],

        [[-3.62278707e-03,  8.77867267e-03, -6.77367002e-02,
           2.93735377e-02,  7.15694427e-02],
         [ 1.55645879e-02, -3.78315523e-02,  1.86096318e-02,
           1.08370170e-01,  5.00616245e-02],
         [-1.51535664e-02, -5.12616746e-02, -2.73275580e-02,
           5.59461601e-02,  9.57117751e-02],
         [ 1.46745089e-02, -5.02970219e-02, -1.94864813e-02,
           1.23981550e-01, -1.17259622e-02],
         [-8.49721953e-02, -2.84469724e-02, -4.22771685e-02,
          -1.92940347e-02,  9.50096734e-03]],

        [[ 1.11187100e-02, -8.99771787e-03,  2.02546827e-02,
          -5.14093749e-02, -2.84670833e-02],
         [ 7.72964358e-02,  4.54025716e-02,  9.65625420e-02,
           4.31459770e-02,  1.86552177e-03],
         [-4.06388901e-02,  4.68342826e-02,  1.39219314e-01,
           1.16269267e-03,  2.55374368e-02],
         [-5.67010827e-02,  5.29167727e-02,  5.71015365e-02,
           6.99798856e-03,  8.32110718e-02],
         [-3.47053003e-03, -7.83226043e-02,  8.10177922e-02,
           3.13147455e-02, -5.67137077e-02]]],


       [[[-1.25733586e-02, -6.99110627e-02,  5.00741601e-02,
          -8.90928961e-04, -5.02812862e-02],
         [-6.37730304e-03, -3.87512334e-02,  2.57929564e-02,
          -1.01319989e-02,  5.08712307e-02],
         [ 4.78112735e-02,  5.24637289e-02, -2.90287919e-02,
           3.38815153e-02, -8.18034187e-02],
         [-7.09744245e-02,  6.09204881e-02,  5.83133698e-02,
          -2.91880183e-02, -5.09797633e-02],
         [ 7.57886618e-02,  5.25671355e-02, -6.22849651e-02,
          -5.99438921e-02,  3.38742742e-03]],

        [[ 2.13485695e-02,  4.81671616e-02,  3.58380051e-03,
          -7.50792995e-02, -2.77888291e-02],
         [-2.86311451e-02, -5.62259071e-02,  2.30294578e-02,
           2.99795978e-02,  2.78699044e-02],
         [-9.42138731e-02, -7.33322501e-02, -4.62231599e-02,
          -3.56983468e-02,  4.62390259e-02],
         [ 5.16733415e-02,  8.41363370e-02,  5.46929017e-02,
           5.62681928e-02, -7.04261512e-02],
         [-1.31613668e-02,  8.41792300e-02, -2.80126520e-02,
          -6.01100400e-02, -8.27283189e-02]],

        [[ 7.69417137e-02,  8.80566314e-02,  4.70759198e-02,
           6.49380963e-03,  1.42246885e-02],
         [-3.28123942e-02,  1.22352652e-02,  1.12676516e-01,
           5.52734323e-02,  3.09447832e-02],
         [-5.59649542e-02, -6.41557947e-02,  3.64673510e-02,
           1.91955864e-02,  7.50664324e-02],
         [-6.94832578e-02, -6.02127910e-02,  6.27831742e-02,
          -4.74942196e-03, -4.67044935e-02],
         [ 2.65353713e-02,  7.69948214e-02,  2.03131959e-02,
          -8.16743001e-02, -3.99128571e-02]],

        [[-5.69258817e-02, -1.82147957e-02, -2.43500676e-02,
          -6.97470158e-02,  6.52883723e-02],
         [-6.00552969e-02,  2.00531669e-02, -4.24842499e-02,
          -6.55613244e-02,  5.85677512e-02],
         [-8.71119052e-02,  8.06635246e-03, -6.78093433e-02,
          -2.07646545e-02,  2.03700252e-02],
         [-7.56193846e-02, -6.35831803e-02,  6.64922670e-02,
           2.76775844e-02, -6.09908402e-02],
         [ 5.55607378e-02,  5.94450831e-02,  5.76782320e-03,
           8.08844715e-02,  4.01901826e-02]],

        [[-6.25581890e-02,  7.45718554e-03, -7.30206892e-02,
           6.23377785e-02, -6.21053167e-02],
         [ 6.35918602e-02, -2.60155164e-02,  4.56279144e-02,
           6.72050267e-02,  1.40004430e-03],
         [ 2.94023305e-02, -6.58967197e-02,  3.44854668e-02,
           1.12932742e-01, -5.15266135e-02],
         [-2.41633337e-02, -9.21915695e-02,  1.57309901e-02,
          -3.23785469e-02, -4.70201895e-02],
         [ 3.42581980e-02,  5.41032143e-02,  5.88865578e-02,
          -2.37877332e-02, -5.18905297e-02]],

        [[ 5.13273757e-04,  4.76748161e-02, -5.40455878e-02,
           1.82987750e-02,  3.30407172e-03],
         [-1.06102591e-02,  4.77196388e-02,  4.67848778e-03,
           4.52446938e-02, -3.99368778e-02],
         [-2.14908514e-02, -4.79940288e-02,  7.22738281e-02,
           6.67604627e-06, -5.01837730e-02],
         [-8.61956999e-02,  5.92994764e-02,  5.70398644e-02,
          -4.09082994e-02, -7.87440166e-02],
         [ 5.82074896e-02, -4.72543053e-02,  9.07638669e-02,
           7.38128424e-02,  5.94194122e-02]]],


       [[[ 7.84400851e-02, -2.45958716e-02, -3.88060287e-02,
          -2.05072686e-02,  4.34260480e-02],
         [ 1.85772183e-03,  6.50382191e-02,  1.85349472e-02,
          -8.22832622e-03,  2.70977803e-03],
         [ 7.07838759e-02, -1.46573680e-02, -1.39474226e-02,
           4.18260172e-02, -7.20177591e-02],
         [-2.73591336e-02,  1.61268713e-03, -1.13804182e-02,
          -4.32463996e-02,  6.20021224e-02],
         [ 5.33477664e-02, -4.73210309e-03, -3.15820388e-02,
           3.63554284e-02, -8.88630599e-02]],

        [[ 3.97277400e-02, -6.90295994e-02,  2.45225392e-02,
           3.67775857e-02, -2.72931643e-02],
         [ 6.12056628e-02, -3.97506729e-02,  3.83993320e-04,
          -1.77530106e-02,  2.12982427e-02],
         [-2.48751454e-02, -8.12644213e-02, -1.56086627e-02,
           5.26605472e-02, -7.25501403e-02],
         [ 7.20857754e-02,  6.44758195e-02,  4.03020196e-02,
           1.55156674e-02, -7.04147220e-02],
         [ 1.08885942e-02, -2.27957610e-02, -2.90426016e-02,
          -3.89595442e-02, -3.21014896e-02]],

        [[-5.21582067e-02,  9.11328346e-02, -2.53458973e-02,
          -6.27562255e-02, -4.30881083e-02],
         [ 1.39733208e-02, -6.05863240e-03, -1.08718826e-02,
           3.06075811e-02, -7.85240382e-02],
         [-4.58659790e-02,  2.80013587e-03, -6.15882054e-02,
           8.25971086e-03, -6.53341934e-02],
         [ 1.52123552e-02,  3.50579694e-02,  9.30124968e-02,
           7.89066702e-02,  5.54349497e-02],
         [ 1.15696890e-02,  1.00263096e-01,  1.12737395e-01,
           9.22727436e-02,  1.51547473e-02]],

        [[ 1.39044449e-02, -4.63604322e-03, -1.25015574e-02,
          -6.12586327e-02, -9.44584981e-02],
         [-2.56368555e-02,  8.71295705e-02,  4.54526059e-02,
           1.13763446e-02, -1.49888489e-02],
         [-7.23388866e-02,  7.26250559e-02,  6.26827478e-02,
          -4.82156500e-02,  3.71655896e-02],
         [-2.73624249e-02, -7.78511167e-02,  5.00168204e-02,
          -2.12964863e-02, -2.33452152e-02],
         [ 2.69974433e-02,  6.11008517e-02,  7.94040337e-02,
           4.85439748e-02, -2.52417917e-03]],

        [[-6.89274594e-02,  2.22824980e-02,  5.73713109e-02,
          -8.04806873e-02, -2.15923693e-02],
         [ 8.71864706e-03,  4.75358628e-02, -6.03444641e-03,
          -5.71358427e-02, -2.74215192e-02],
         [ 2.17085145e-02,  1.04231853e-02,  7.60220885e-02,
          -1.88246965e-02,  2.56380830e-02],
         [-2.56561693e-02, -1.39940651e-02, -1.55502483e-02,
           2.17286032e-03, -7.19958842e-02],
         [ 3.02390959e-02, -2.54433509e-02, -4.46190238e-02,
          -5.74366078e-02, -3.91131416e-02]],

        [[ 6.31271750e-02, -6.10580854e-02, -9.51043516e-02,
          -1.04180053e-01, -4.95971330e-02],
         [ 9.38949212e-02, -1.38891293e-02,  5.84711730e-02,
           2.81961560e-02,  9.56406724e-03],
         [ 2.41372567e-02,  2.25365255e-02,  4.52269390e-02,
          -5.44450656e-02, -2.93769594e-02],
         [ 4.26943973e-02, -6.56100363e-02,  3.91298123e-02,
          -6.16038963e-02, -5.07709160e-02],
         [ 1.03589319e-01,  1.17288698e-02,  2.33430658e-02,
          -1.84820895e-03,  8.15348700e-02]]],


       ...,


       [[[-1.72661687e-03, -3.09995916e-02, -2.54174955e-02,
          -1.23666022e-02,  1.55901220e-02],
         [-1.91114191e-02, -6.81089312e-02, -7.88375139e-02,
          -1.06643274e-01,  5.06387427e-02],
         [-5.88410571e-02, -4.01693694e-02, -4.87953275e-02,
          -6.33916408e-02, -8.46498758e-02],
         [-6.26715794e-02,  1.72044784e-02, -6.58914298e-02,
           5.86426668e-02,  4.73992303e-02],
         [ 5.30471690e-02,  4.74025076e-03, -4.33400553e-03,
           6.94740191e-02, -1.39890378e-03]],

        [[ 2.27801967e-02, -4.17130664e-02, -4.04974706e-02,
           6.89034313e-02,  3.12282075e-03],
         [-4.90933396e-02,  3.96005437e-02, -4.38582674e-02,
           3.30431834e-02, -6.67718723e-02],
         [-7.98650905e-02, -2.06289180e-02, -8.62609223e-02,
          -7.76026398e-02, -6.37581944e-03],
         [ 4.86338399e-02,  2.23485939e-02, -1.01974703e-01,
          -1.11689661e-02, -3.83051112e-02],
         [ 1.94482040e-02, -7.59415105e-02, -5.30623384e-02,
           3.09317522e-02,  5.04002273e-02]],

        [[ 5.64066395e-02,  9.20545533e-02,  1.21701263e-01,
           6.91456944e-02, -6.08057864e-02],
         [ 6.23686500e-02,  1.03417017e-01,  1.39877230e-01,
           3.80539559e-02,  2.89243814e-02],
         [-3.20438296e-02,  3.79118435e-02, -1.95218343e-02,
           9.68002900e-02,  3.67974117e-02],
         [-1.06036887e-01, -1.08568870e-01, -4.80031148e-02,
           2.20139436e-02,  4.70119864e-02],
         [-1.15571596e-01, -1.09587394e-01,  1.15831271e-02,
           5.79141900e-02,  1.76935398e-03]],

        [[-5.97598925e-02, -3.23447995e-02, -4.22944762e-02,
           5.39850965e-02,  3.32603380e-02],
         [ 1.74129326e-02,  2.13587694e-02,  4.44795005e-02,
           7.82229751e-02,  7.77414162e-03],
         [-1.56445953e-03, -1.79848541e-02,  5.50049171e-03,
          -8.12461600e-03, -6.38092533e-02],
         [ 2.60146111e-02, -3.77616286e-03, -6.48861006e-03,
           5.82066039e-03, -2.85419263e-02],
         [-4.22901809e-02, -8.20137039e-02, -9.45814028e-02,
           5.30028939e-02,  2.95144115e-02]],

        [[ 2.43440084e-02, -8.14179257e-02, -7.13547617e-02,
           3.96451354e-02, -3.73034552e-02],
         [ 6.48202002e-02,  9.16638225e-02, -4.66336310e-02,
           7.39929825e-02,  6.19434342e-02],
         [ 4.86506894e-02, -2.89822314e-02,  6.99162995e-03,
           4.75269035e-02,  1.04630098e-01],
         [-1.06956050e-01,  3.66126038e-02, -1.87399201e-02,
           7.15928152e-02,  8.93071741e-02],
         [-1.13434337e-01, -1.24886908e-01, -1.38454407e-01,
           3.18767643e-03, -2.84565538e-02]],

        [[ 3.33073847e-02, -4.90230555e-03,  5.82726710e-02,
          -3.67869027e-02, -1.40638696e-02],
         [ 1.08521476e-01,  1.28351331e-01,  3.04863155e-02,
           7.26891011e-02,  7.55672604e-02],
         [ 8.63376632e-03, -5.27004572e-03,  8.23605284e-02,
           1.14131033e-01,  5.11772633e-02],
         [-9.92816314e-02, -3.08137741e-02,  9.76972003e-03,
           1.00334786e-01,  4.93864343e-02],
         [ 3.06626229e-04, -1.17631398e-01,  1.85117237e-02,
           8.24938789e-02, -7.64909983e-02]]],


       [[[ 5.92015758e-02, -2.62202416e-02, -5.93136773e-02,
           3.55078653e-02,  5.74944392e-02],
         [-1.66082848e-02, -4.47377414e-02, -1.17081217e-02,
          -6.34229630e-02,  9.27627087e-03],
         [ 5.93551174e-02,  3.69180888e-02, -5.47570884e-02,
           3.87940817e-02, -7.23421648e-02],
         [ 5.13400324e-02,  7.75660127e-02,  1.85408387e-02,
           2.10782662e-02,  8.12049210e-02],
         [ 1.99554544e-02, -1.79507006e-02,  2.73711048e-02,
           7.07860142e-02, -1.88434534e-02]],

        [[-4.00433950e-02,  4.23988737e-02,  5.76947741e-02,
           6.62968159e-02,  2.28004064e-02],
         [-4.04593945e-02,  4.62176539e-02, -1.95352565e-02,
          -3.04681398e-02, -5.58880046e-02],
         [ 2.06180494e-02,  4.45380099e-02, -4.23082113e-02,
          -6.22489452e-02,  2.92620249e-02],
         [-2.96374895e-02,  6.09297343e-02,  1.94109268e-02,
          -2.98654195e-02,  1.46651594e-02],
         [-6.96959498e-04, -5.30125275e-02,  8.82695150e-03,
           5.23226634e-02, -5.04231229e-02]],

        [[ 2.45026462e-02, -4.54038605e-02,  4.99715246e-02,
          -2.56707110e-02, -1.09432191e-02],
         [-2.23978162e-02, -4.47667716e-03, -7.02354461e-02,
           7.38998502e-02,  4.55184169e-02],
         [-5.42914048e-02,  6.74296170e-02, -1.52199892e-02,
           1.95787698e-02, -4.23355475e-02],
         [-6.00294173e-02, -5.40800346e-03, -8.76036733e-02,
          -9.73228961e-02, -5.44384234e-02],
         [ 2.74088178e-02,  4.47638854e-02, -3.96058932e-02,
           1.25248712e-02,  7.48833874e-03]],

        [[-1.05505402e-03,  4.04071584e-02, -1.26332995e-02,
           2.63021830e-02,  2.69866735e-02],
         [ 9.08506513e-02,  5.27006015e-02,  4.19416614e-02,
          -6.97640628e-02,  8.69991817e-03],
         [-3.58461961e-02, -9.31221340e-03,  6.56277910e-02,
           2.35838592e-02,  8.62371773e-02],
         [ 1.32103218e-02,  3.10633215e-03, -4.88945171e-02,
          -2.04178430e-02, -5.60916662e-02],
         [ 1.03856791e-02, -7.76585862e-02, -3.47576663e-02,
           7.32294321e-02, -5.20349331e-02]],

        [[ 4.23129313e-02,  3.55591103e-02,  5.38919084e-02,
          -1.12528242e-02, -1.30041819e-02],
         [ 5.44465668e-02,  8.48232582e-03, -4.77353223e-02,
           6.79326057e-03,  7.58420080e-02],
         [ 9.23005715e-02,  1.43054752e-02, -7.58455172e-02,
           6.35111108e-02, -2.30612364e-02],
         [ 7.37486184e-02, -8.09053183e-02, -7.86849111e-02,
           2.77779764e-03,  6.05797768e-02],
         [ 3.22987922e-02,  4.18679044e-02,  3.97858173e-02,
          -3.23407236e-03,  4.83386032e-02]],

        [[ 3.95094529e-02,  8.72125924e-02,  1.04854956e-01,
           6.69982433e-02,  1.14641204e-01],
         [ 3.14835310e-02, -3.16541120e-02,  6.87525794e-02,
           6.27099201e-02,  3.53516825e-02],
         [-9.62275043e-02, -2.33667921e-02, -2.84460578e-02,
          -8.13976601e-02, -6.76566735e-02],
         [-3.54537629e-02,  6.04482703e-02, -4.37627956e-02,
          -8.56777504e-02, -2.69259512e-02],
         [-4.51073013e-02, -2.10851450e-02, -6.77125677e-02,
          -2.08802684e-03, -4.17214632e-02]]],


       [[[ 7.81480744e-02,  7.88903981e-02,  8.32619146e-02,
           2.99554225e-02,  7.12072104e-02],
         [-7.84294754e-02,  4.07779589e-02,  5.84674366e-02,
           3.62130776e-02, -3.27113941e-02],
         [-6.63321242e-02, -2.19041966e-02,  4.39857692e-02,
          -7.32161850e-03,  4.68031056e-02],
         [ 8.27533565e-03,  4.46980745e-02,  7.45956739e-03,
          -3.18678506e-02,  2.65685357e-02],
         [ 6.57656696e-03, -5.54865412e-02,  6.13957755e-02,
          -3.53764296e-02,  9.90869105e-03]],

        [[ 3.82421874e-02, -6.51589632e-02,  7.89771415e-03,
          -8.06003064e-02, -5.96059207e-03],
         [ 6.24092892e-02,  5.66741712e-02,  6.76866993e-02,
           4.78008203e-02, -6.73762709e-02],
         [ 2.98402421e-02,  1.31886154e-02,  6.41512200e-02,
           2.95066293e-02, -5.54112084e-02],
         [-5.22819757e-02,  4.51285467e-02,  4.36574966e-02,
          -3.70933525e-02, -7.83930719e-02],
         [ 6.05584383e-02, -1.93768200e-02, -2.11350676e-02,
          -4.87284064e-02, -5.41457161e-02]],

        [[-8.36777538e-02, -6.58397749e-02,  4.29653935e-02,
           1.16077494e-02, -2.06687171e-02],
         [-5.51259425e-03, -6.94108233e-02,  6.89050481e-02,
          -1.81068256e-02,  2.08964609e-02],
         [ 4.06231824e-03,  6.62986189e-02, -2.94204103e-03,
          -1.60524789e-02,  2.04083528e-02],
         [-4.61961590e-02,  4.94594239e-02,  2.08853222e-02,
          -8.12237188e-02, -5.71562722e-02],
         [-3.46913189e-02, -9.35373083e-02,  1.39557139e-03,
          -6.59097284e-02,  4.48406711e-02]],

        [[-6.39172047e-02,  6.85135871e-02,  6.74298480e-02,
           5.05662188e-02, -5.87059076e-05],
         [ 6.83203042e-02, -5.10705002e-02,  7.28366002e-02,
           6.87924847e-02, -4.69124615e-02],
         [ 9.87688266e-03,  1.74190011e-02, -5.47676273e-02,
          -1.69617198e-02,  2.98474040e-02],
         [ 5.05847931e-02,  5.68530560e-02,  1.65022556e-02,
          -1.66273862e-02,  2.15322934e-02],
         [ 1.10851843e-02, -5.49168363e-02, -8.33863094e-02,
          -8.13777894e-02, -8.72867554e-02]],

        [[ 4.68800217e-02, -1.88985129e-03,  3.55498940e-02,
          -3.09735928e-02,  4.43904176e-02],
         [ 4.29231636e-02,  2.12448668e-02, -3.96330766e-02,
           2.88168285e-02, -6.91138282e-02],
         [ 4.15102169e-02,  6.48177322e-03,  2.31014229e-02,
           9.68090668e-02, -3.45446616e-02],
         [ 8.06418806e-02,  6.50760606e-02, -5.88445365e-02,
          -5.59283867e-02, -6.64239898e-02],
         [ 7.83412382e-02,  3.21984366e-02, -6.44611716e-02,
           2.75114812e-02, -4.96924743e-02]],

        [[-5.08494303e-02,  9.29430276e-02,  7.94811025e-02,
           8.02065581e-02, -4.54879403e-02],
         [ 2.90424861e-02,  1.71191972e-02,  4.88656797e-02,
           5.00862006e-05, -7.48118609e-02],
         [ 1.14509892e-02,  8.18692073e-02,  5.32877818e-02,
           8.86512622e-02,  5.49397096e-02],
         [ 3.24352123e-02, -3.86182107e-02, -5.27997389e-02,
          -4.99801487e-02, -5.54716513e-02],
         [-6.81910366e-02, -5.68805858e-02, -3.55891883e-02,
           1.16756437e-02,  6.35083914e-02]]]], dtype=float32), array([-0.04786771,  0.01305174, -0.02007619, -0.02691827, -0.03394154,
        0.00642401,  0.03734755, -0.07743002,  0.0472189 , -0.04037702,
       -0.01315435, -0.02941453,  0.04146909, -0.0565275 ,  0.06873757,
       -0.06406491], dtype=float32), array([[-0.0433597 , -0.01102338,  0.00967085, ...,  0.03625328,
         0.01636051,  0.015155  ],
       [ 0.02545909,  0.06006891, -0.00322137, ...,  0.02455748,
        -0.05658237, -0.05908785],
       [-0.01001498,  0.02752452,  0.05008429, ...,  0.04064023,
         0.04500047, -0.044563  ],
       ...,
       [-0.03549331,  0.01434869, -0.00801168, ..., -0.02386905,
         0.05934859,  0.01284711],
       [-0.05457633, -0.02966399, -0.02574378, ...,  0.01624268,
        -0.05151578,  0.04670952],
       [-0.05333836, -0.01569968,  0.06687393, ..., -0.05584943,
        -0.04648923, -0.05045648]], dtype=float32), array([ 0.00870857,  0.0426105 , -0.03639654,  0.06575429,  0.04991125,
       -0.02656949, -0.04924478, -0.03542889,  0.01907367,  0.01688535,
       -0.04206968,  0.05290946,  0.058219  , -0.00506006, -0.04792992,
       -0.00214087,  0.0189601 ,  0.01829742, -0.03863283,  0.03701702,
        0.02404441, -0.02722812,  0.03520368, -0.00212089, -0.01705011,
       -0.01981676, -0.04540386, -0.04248371, -0.04425418, -0.04837572,
        0.03743382,  0.04670166,  0.05216742, -0.05499987,  0.01366322,
       -0.05120203, -0.0567099 ,  0.01384212, -0.02694268, -0.05511702,
        0.01874604,  0.00680226, -0.01112368, -0.05895094,  0.00494821,
       -0.0532193 ,  0.0348291 , -0.03101213, -0.04818581,  0.03301589,
       -0.05910932,  0.05071551,  0.02445265,  0.04262892, -0.03995242,
        0.02239203,  0.01044163,  0.00047314, -0.05837129, -0.04668868,
       -0.0159015 , -0.01351276,  0.05371108, -0.03714542, -0.04996939,
       -0.05878736,  0.04511293, -0.01754978, -0.06239893,  0.01234746,
        0.06321504,  0.03694179,  0.0081443 , -0.05604773,  0.04540371,
        0.04070662,  0.02013504,  0.05276912,  0.04850284, -0.03470755,
       -0.02118624, -0.05158743,  0.03228302, -0.04274091, -0.00341228,
       -0.03383566,  0.0461996 , -0.05386893, -0.01274003,  0.04281722,
       -0.00730603,  0.03296621, -0.04092402,  0.0079401 , -0.00938393,
       -0.02653981, -0.01438991,  0.05439069,  0.03569224, -0.05105659,
       -0.01456085,  0.05800123, -0.05355621,  0.041844  , -0.02561892,
        0.00233661,  0.01215305,  0.04590891, -0.01151995, -0.02987598,
       -0.03891916,  0.00343165,  0.00503216,  0.00363265, -0.03059734,
        0.02688259, -0.05352898,  0.01468998,  0.02065167, -0.03079531],
      dtype=float32), array([[-0.0043072 , -0.08744945,  0.0459785 , ..., -0.08065023,
        -0.02400573,  0.01294531],
       [-0.03834453,  0.03660902,  0.04918785, ...,  0.0652243 ,
        -0.07259418,  0.07334156],
       [-0.01950693, -0.00209201, -0.05988932, ..., -0.04838786,
        -0.08531583, -0.00606496],
       ...,
       [-0.03386354, -0.07475798, -0.03688794, ...,  0.04524297,
        -0.06643666,  0.02576715],
       [-0.04340797, -0.02020478,  0.07758883, ..., -0.07262651,
        -0.05931206,  0.07220115],
       [-0.0362251 ,  0.05654519, -0.04260025, ..., -0.04691098,
        -0.04695253, -0.03080047]], dtype=float32), array([-0.01538333,  0.06430921,  0.07748646,  0.04954515, -0.00014398,
        0.01971073, -0.03218531, -0.02105609,  0.00256448, -0.08173775,
       -0.07836308, -0.04557745,  0.03294634,  0.08515687, -0.0637203 ,
        0.08504714, -0.04690406,  0.08772943,  0.0607641 , -0.03020405,
       -0.08723392,  0.00159739, -0.0162284 ,  0.03022585,  0.01473002,
        0.08155013,  0.05973211, -0.06498772,  0.02300555, -0.0806887 ,
        0.01412645,  0.01535086,  0.02498106,  0.05359631,  0.00960501,
        0.0762083 , -0.01844959, -0.00599261,  0.06634866,  0.01153762,
        0.04433331,  0.07879391, -0.01602327,  0.00146458, -0.05085322,
        0.07786282,  0.02337419,  0.00810985,  0.02548816,  0.04219067,
       -0.03211544, -0.08515661,  0.04065116,  0.05324011,  0.02719981,
       -0.0331571 , -0.07126989,  0.07736717, -0.02157613, -0.08125478,
       -0.05781334,  0.05321281, -0.02555954,  0.07171723,  0.02189107,
       -0.02286375, -0.01150232,  0.06467757, -0.03853093, -0.07777288,
       -0.06745287,  0.0432622 ,  0.00385003, -0.05434709, -0.06484858,
       -0.10159043, -0.05905999, -0.03143772, -0.03261571,  0.04222994,
       -0.03810054,  0.07149676, -0.04129072, -0.08644379], dtype=float32), array([[ 9.05564874e-02,  1.56587884e-01,  6.20093048e-02,
        -8.76187980e-02,  2.22783368e-02, -4.98192944e-02,
         3.69902775e-02, -1.01309761e-01, -1.02501556e-01,
         3.40455100e-02,  1.19514368e-01, -1.63624678e-02,
        -3.91532965e-02, -6.41286671e-02, -1.39937863e-01,
        -1.11294445e-02,  2.37906724e-01, -2.87824012e-02,
        -6.22727349e-02,  7.64240697e-03, -4.20436263e-02,
         5.94271421e-02,  6.84101656e-02, -9.34801549e-02,
        -7.18808398e-02,  1.77866239e-02,  5.86313307e-02,
         5.53739890e-02, -9.13580135e-03,  1.50150778e-02,
        -1.30099237e-01, -1.46488130e-01,  1.23540916e-01,
        -3.63587663e-02,  6.64623305e-02, -7.18598142e-02,
        -1.27880126e-01, -7.98998177e-02,  6.50215596e-02,
         9.39888582e-02,  8.48407149e-02,  1.78876538e-02,
        -9.99988616e-02, -1.58810932e-02,  6.79212809e-02,
        -1.21938586e-01,  2.30653360e-02, -6.52181581e-02,
        -1.55557124e-02,  5.48751540e-02,  7.43911862e-02,
        -2.17252895e-02,  6.52815104e-02, -2.27784067e-02,
         1.96232786e-03, -3.42190154e-02,  5.56930117e-02,
         7.35576823e-02,  1.40223000e-02, -8.58275667e-02,
         5.73825315e-02, -4.92749736e-02, -8.58122855e-02,
         7.51936361e-02,  1.48072228e-01, -8.57699886e-02,
        -5.74333370e-02, -2.20238287e-02,  9.44499746e-02,
        -4.41244468e-02, -9.78255123e-02,  7.25970697e-03,
         2.79761255e-02,  9.07435268e-02,  6.98138252e-02,
        -1.75711662e-02, -9.45608988e-02, -1.49603058e-02,
         4.00767289e-02,  1.63979486e-01, -8.60911310e-02,
        -1.28781423e-01,  4.52589281e-02,  1.54727278e-02],
       [-1.71399899e-02, -1.45369008e-01, -6.58444408e-03,
        -6.90232813e-02, -8.98398012e-02, -9.20272246e-02,
        -5.78460917e-02,  1.44747257e-01, -4.49204892e-02,
        -1.19196661e-02, -8.09799209e-02,  1.36448741e-01,
        -1.15940712e-01,  1.78341046e-01,  5.07631116e-02,
        -3.63732874e-02, -1.01326860e-01, -3.31274495e-02,
        -9.97985750e-02, -7.27925524e-02, -9.00249630e-02,
         1.07310429e-01,  3.99140865e-02, -1.20889381e-01,
        -5.26653044e-02,  6.62748516e-03,  2.14054398e-02,
         1.29305556e-01,  3.72475907e-02, -1.06287017e-01,
         1.77162439e-01, -1.16912805e-01,  1.15164772e-01,
        -9.42153856e-02,  4.92294990e-02,  8.39889199e-02,
         1.15307651e-01,  8.07087049e-02, -1.69005003e-02,
        -9.58148576e-03, -4.57427315e-02,  1.84606127e-02,
         8.83723125e-02, -1.44984677e-01, -3.83330695e-02,
         1.40033036e-01, -1.38271496e-01, -4.42538559e-02,
        -3.08797415e-02, -1.25051841e-01,  7.73577467e-02,
        -2.98939198e-02, -1.64833106e-02, -5.18679395e-02,
        -1.89389624e-02,  4.96397093e-02,  1.47101238e-01,
         9.37722772e-02,  1.04232013e-01, -8.24573040e-02,
         4.33607399e-02, -9.98905450e-02, -7.63113201e-02,
        -1.29339695e-01,  5.49804084e-02,  1.81785040e-03,
         1.07844815e-01,  5.38836196e-02,  1.07452972e-02,
         6.68541482e-03, -3.34682427e-02,  3.66968336e-03,
        -8.48278254e-02, -1.09295152e-01,  6.19856939e-02,
         4.67495434e-02, -4.96650003e-02, -5.33497259e-02,
         6.29812554e-02, -1.93726122e-01, -7.18346834e-02,
         1.74516916e-01,  6.98937103e-02, -3.83351073e-02],
       [ 5.10858651e-03, -8.32694918e-02, -5.00888340e-02,
         8.16226751e-02, -3.82841006e-02, -1.07809104e-01,
         3.94791141e-02, -2.25877818e-02, -7.47103840e-02,
         5.10834949e-03, -5.00654355e-02,  1.16648935e-01,
         1.04496799e-01,  6.28342573e-03,  4.31164773e-03,
         2.18849611e-02,  8.19575042e-02, -5.98084852e-02,
        -9.41868424e-02, -5.10394685e-02, -8.59211832e-02,
         1.17910489e-01, -1.92730762e-02,  8.33751038e-02,
         1.07742921e-01, -5.42364307e-02,  4.67187203e-02,
        -1.12646177e-01, -3.72353680e-02, -3.24486010e-02,
        -1.59351919e-02,  1.13343298e-01,  1.84616800e-02,
         7.30593223e-03, -1.04281165e-01,  4.60814200e-02,
         3.07194497e-02,  1.32097811e-01,  5.17403781e-02,
        -7.40571767e-02, -6.66740760e-02, -2.39115097e-02,
         8.73629078e-02,  4.16881070e-02, -1.10756382e-01,
        -1.05221294e-01, -8.42233747e-02,  1.14856996e-01,
        -1.52261004e-01,  3.94622162e-02, -1.05264425e-01,
        -1.13035761e-01,  5.69462106e-02,  1.03091262e-01,
         7.53232464e-02,  1.68547744e-03, -1.13915920e-01,
         1.60393223e-01,  9.31744128e-02, -1.18317213e-02,
        -1.04139723e-01, -5.62112741e-02, -1.77307986e-02,
         1.58937443e-02,  4.05352451e-02, -3.75247113e-02,
        -1.17493331e-01,  3.82691361e-02, -1.12258293e-01,
        -3.32893804e-02,  8.67558345e-02,  1.00480340e-01,
         8.68696123e-02, -1.70036815e-02, -7.61114210e-02,
         9.78629217e-02, -4.29395922e-02,  6.33236915e-02,
        -4.31014337e-02,  1.58429056e-01,  2.48658843e-02,
        -6.24462124e-03, -4.78431657e-02,  1.69858914e-02],
       [-5.74698523e-02, -3.49017903e-02,  6.90703988e-02,
        -9.40774903e-02,  7.10630566e-02,  5.90183809e-02,
        -1.43718929e-03, -7.94326961e-02, -1.00745097e-01,
        -5.53924814e-02,  6.91354871e-02, -7.45975599e-02,
         1.25841290e-01,  1.93873309e-02,  6.75609857e-02,
         1.14642814e-01,  2.68437676e-02, -4.55274880e-02,
         5.15564680e-02, -2.39590108e-02,  1.19625524e-01,
         7.64126331e-02,  9.01416987e-02, -9.77713689e-02,
         1.04469933e-01,  6.31365925e-02, -8.66180733e-02,
         8.08500871e-02, -1.01559676e-01, -7.32713789e-02,
         4.26868871e-02,  7.51483291e-02, -1.13527969e-01,
         7.23441988e-02, -1.18488312e-01,  3.41841280e-02,
         8.17963928e-02,  9.41035599e-02,  1.90784439e-01,
         5.35913482e-02,  4.03291173e-02,  1.04164556e-01,
         5.64325638e-02, -1.46165667e-02,  5.19831106e-03,
         5.56971058e-02,  7.27639943e-02, -1.72805160e-01,
        -8.74432102e-02,  1.02828577e-01,  5.56228682e-02,
        -6.66664401e-03, -1.35353252e-01,  1.42580539e-01,
        -1.33927613e-01,  7.48921335e-02,  3.16330418e-02,
        -8.89204144e-02,  1.45188691e-02,  4.10526916e-02,
         1.01659082e-01, -3.92778292e-02, -9.92362946e-02,
         3.22621949e-02,  4.59196270e-02, -2.57437434e-02,
         2.88325734e-02, -2.58464627e-02, -8.64045694e-02,
        -4.32214215e-02,  8.44627968e-04,  4.41981433e-03,
        -4.63864878e-02, -3.00454888e-02,  7.24263564e-02,
         1.26628927e-03,  6.12455420e-02, -2.29130462e-02,
        -4.47764620e-02,  6.17184862e-02, -3.52041386e-02,
        -1.19172476e-01, -7.25456700e-02,  6.00293353e-02],
       [ 6.65791109e-02,  3.32851149e-02,  4.86372076e-02,
         7.10418820e-03,  1.40511110e-01,  1.32238045e-01,
         9.17957723e-02, -1.04110442e-01,  7.68098682e-02,
        -6.06992319e-02, -1.27576038e-01, -1.44921005e-01,
         9.67880934e-02,  8.05679895e-03, -5.04283495e-02,
        -1.02748051e-01,  3.05861533e-02,  4.68438230e-02,
         9.95804071e-02, -1.81499566e-03, -1.00627221e-01,
        -2.63874680e-02, -4.29336205e-02,  1.94627255e-01,
         2.19239108e-02,  8.40490013e-02, -9.96105373e-02,
        -7.63747841e-02,  4.41332087e-02, -2.96087796e-03,
        -1.13588057e-01,  8.69565457e-03, -1.34570543e-02,
         6.80561513e-02,  3.14483978e-02, -8.20621625e-02,
         1.19398013e-02,  7.11843278e-03, -6.41007200e-02,
        -1.10004269e-01,  4.53768205e-03, -6.22381940e-02,
         4.91160005e-02, -1.33352005e-03,  1.57894120e-02,
         1.16364136e-01,  2.13345699e-02,  8.63015950e-02,
        -5.89151960e-03, -7.50868469e-02, -1.38328504e-02,
        -5.18802786e-03, -2.54276907e-03, -1.14855424e-01,
         1.79507777e-01,  2.85453890e-02, -5.69778867e-02,
        -1.84617564e-01,  3.34993787e-02,  1.04034506e-01,
         9.06501412e-02, -9.80636105e-02,  5.37541434e-02,
        -1.48118557e-02, -5.80905676e-02, -5.40353283e-02,
        -2.18514167e-02,  8.79470930e-02, -7.35971099e-03,
        -8.49408060e-02, -7.91851580e-02,  7.21732453e-02,
        -2.15467811e-02, -1.00978516e-01, -5.45286052e-02,
         4.53944206e-02, -3.28302197e-02, -5.40500209e-02,
         9.01672617e-02, -1.38463348e-01,  2.75481846e-02,
        -6.46856204e-02, -7.03068897e-02,  3.96011695e-02],
       [-1.26732767e-01,  8.35859701e-02,  4.11409698e-02,
         6.71470016e-02,  5.12099266e-02,  4.73200865e-02,
        -5.63594215e-02, -5.29992357e-02,  4.79680188e-02,
        -7.47674331e-02,  1.07371017e-01, -1.85146406e-02,
         8.60247165e-02,  1.74255203e-02,  9.87347439e-02,
        -1.15632519e-01, -8.54768306e-02, -9.16568749e-03,
        -1.80391967e-02,  3.37935761e-02,  1.48201704e-01,
        -5.15088663e-02,  1.06810436e-01,  3.50620365e-03,
         6.93669990e-02,  1.04882859e-01,  5.46789169e-02,
        -5.77194709e-03, -3.23242359e-02,  1.18794572e-02,
        -6.60236105e-02, -9.31298807e-02, -5.11795506e-02,
        -9.37735140e-02,  1.09263621e-01, -6.01482466e-02,
         8.13416690e-02, -7.29936361e-02,  3.06835510e-02,
         8.37143064e-02,  9.54657570e-02,  8.60191807e-02,
        -9.60738808e-02,  6.72044531e-02,  1.32957194e-02,
         8.23114067e-02, -7.85526913e-03, -7.40901679e-02,
         3.17119397e-02,  9.57190543e-02, -1.06543720e-01,
         9.84777659e-02,  4.07750309e-02,  7.47945160e-02,
        -9.05856788e-02, -4.21325639e-02, -1.58821698e-03,
         9.08715352e-02,  3.38992849e-02,  1.42312646e-01,
        -2.16857456e-02, -3.40976566e-02,  5.98944314e-02,
        -7.55770784e-03,  5.02759591e-02, -5.57114929e-03,
        -9.49654579e-02,  5.99697120e-02,  1.37345633e-03,
         6.22913167e-02, -3.17019746e-02,  9.56216976e-02,
         1.18896104e-01,  7.50791654e-03, -5.91486581e-02,
        -1.00850761e-01, -9.07103568e-02, -2.37894356e-02,
         7.13819936e-02, -7.33821392e-02,  1.02308616e-01,
        -3.48878503e-02,  8.81508738e-02, -5.50336838e-02],
       [-8.15727264e-02, -1.27473637e-01, -2.64300441e-04,
         7.48388767e-02, -1.15327332e-02,  1.06495045e-01,
        -6.01786561e-02,  1.87752390e-04, -8.09756219e-02,
         8.92535970e-02, -4.72408943e-02,  7.03731552e-03,
        -5.11620864e-02,  3.49391140e-02,  1.84471086e-02,
        -5.83035164e-02, -8.11039805e-02,  6.86781621e-03,
        -8.76334980e-02,  9.14287940e-02,  1.10492427e-02,
         1.18208565e-01, -9.07251537e-02,  1.08473063e-01,
         4.01634257e-03,  2.72508208e-02,  6.19923696e-03,
         1.90518852e-02,  3.42148952e-02, -2.28359015e-03,
        -5.76671250e-02, -8.10185671e-02,  7.84515738e-02,
         1.45793885e-01,  6.07127771e-02,  1.01286605e-01,
        -1.72999464e-02, -1.33529574e-01, -1.58774048e-01,
        -8.56557116e-02, -4.81140129e-02,  9.17316526e-02,
        -3.74406949e-02,  9.50078070e-02,  1.59936458e-01,
         8.36303830e-02, -1.24524631e-01,  1.44663736e-01,
        -1.82424814e-01, -1.51924817e-02,  1.25342369e-01,
         1.69967860e-01, -3.49836722e-02, -6.13898337e-02,
         4.34459932e-02, -6.92507178e-02,  2.54982524e-02,
        -3.83830592e-02, -1.01947471e-01,  3.42957005e-02,
         8.75240415e-02, -4.47730385e-02, -1.05336688e-01,
         8.30706805e-02, -1.03265248e-01, -5.81335183e-03,
        -1.47119328e-01,  5.68345897e-02, -8.28908458e-02,
         6.74050581e-03, -9.96892154e-02,  8.45371559e-02,
        -9.38731991e-03,  1.00131556e-01,  6.13616183e-02,
         6.98489398e-02, -7.57589489e-02, -2.47516949e-02,
         5.05069494e-02,  8.52891710e-03,  1.71711855e-02,
         4.78472449e-02, -3.13232429e-02,  9.67413709e-02],
       [ 1.78634912e-01,  1.40356526e-01,  2.20330376e-02,
        -3.55888233e-02, -9.53268185e-02,  4.38958704e-02,
        -9.41064060e-02, -2.28605531e-02, -9.89854783e-02,
        -3.25537659e-02,  7.95466155e-02,  2.77684182e-02,
        -2.40773875e-02, -2.80668475e-02, -4.35979571e-04,
         9.20745730e-02, -9.68786478e-02, -1.66670650e-01,
        -2.81119347e-02, -8.25941712e-02,  2.29675956e-02,
         2.03656107e-02,  6.24643080e-02, -7.70580918e-02,
         8.30913335e-02,  8.34844038e-02, -7.13486001e-02,
        -9.47519988e-02,  6.70334697e-02, -7.05467686e-02,
         1.96770355e-02, -2.79137045e-02,  9.99257714e-02,
        -1.13142416e-01,  7.34694749e-02, -2.71910317e-02,
         2.54560215e-03,  8.05174038e-02,  7.96364695e-02,
         8.97708088e-02,  7.08709359e-02, -6.14688471e-02,
         1.03369273e-01, -1.79816782e-02, -1.31266832e-01,
        -1.65720314e-01,  1.20164037e-01,  3.48859392e-02,
         1.81874186e-01, -1.29617542e-01, -2.58296728e-02,
        -1.17009878e-01,  1.02620162e-01, -2.82335840e-02,
         3.86990719e-02,  9.14849341e-02,  3.86784375e-02,
        -5.30659743e-02, -3.06802206e-02, -4.60497849e-02,
        -8.93792063e-02, -9.34465230e-02, -3.05748675e-02,
        -1.35801256e-01,  8.60515088e-02,  8.11353102e-02,
         6.55628666e-02, -1.03757098e-01,  6.39502928e-02,
        -4.13422883e-02, -5.69763826e-03,  3.33198383e-02,
        -4.45177928e-02,  9.14976175e-04,  5.94081208e-02,
         4.65850793e-02, -6.91494439e-03, -3.94761655e-03,
         5.99826202e-02, -5.89995980e-02,  6.87637776e-02,
        -3.11163999e-02, -3.08634043e-02,  4.54543643e-02],
       [-5.09605706e-02, -6.29411871e-03, -3.74045707e-02,
        -2.82230135e-02, -2.69833356e-02, -1.12556219e-01,
         8.23813304e-02,  6.59662997e-04, -8.75039399e-02,
        -2.04673819e-02, -8.24742988e-02,  1.27979890e-01,
         7.90673941e-02,  1.01526797e-01,  1.14768386e-01,
         1.10296883e-01, -8.72109681e-02,  6.68127984e-02,
         8.37726332e-03, -9.39339250e-02,  2.77600493e-02,
         7.35792890e-02, -1.21686794e-01, -8.50461945e-02,
         2.66207159e-02,  6.83070272e-02, -8.87108967e-02,
         8.08695704e-02, -1.07740901e-01, -6.73959404e-02,
        -3.88809927e-02,  2.63176160e-03,  7.04219043e-02,
        -4.68843989e-02,  1.03324451e-01,  1.44250486e-02,
         9.06128734e-02, -9.90864933e-02, -5.23443818e-02,
        -4.04576547e-02, -1.95825100e-02, -7.14469701e-02,
         5.90306297e-02,  6.64976090e-02,  4.80448864e-02,
         1.10317215e-01,  5.27219363e-02,  8.16815943e-02,
         6.32283688e-02,  6.64388984e-02, -1.03366971e-02,
        -8.10119212e-02,  8.47307220e-02,  5.68833463e-02,
        -8.98601264e-02,  3.15991975e-02,  3.40105072e-02,
        -3.92426886e-02, -1.02495454e-01,  9.66156349e-02,
         3.26304697e-02, -7.93777592e-03,  6.59830421e-02,
        -1.61888469e-02, -1.72530697e-03, -1.04566731e-01,
         4.32092324e-02,  7.36170709e-02, -4.75590350e-03,
        -6.82740360e-02, -5.05806915e-02,  4.27869372e-02,
        -1.04168821e-02, -8.10481235e-02, -3.22227255e-02,
        -2.51342319e-02,  6.50747791e-02, -1.11121453e-01,
        -2.34764777e-02, -4.87874523e-02, -4.43986729e-02,
         1.90084279e-02, -4.38939668e-02, -5.27925082e-02],
       [ 1.71662807e-01,  1.53660640e-01, -3.23729292e-02,
         5.07005341e-02,  9.92832035e-02,  8.42031986e-02,
         7.44637847e-02, -1.15018211e-01, -6.87340125e-02,
        -5.34565523e-02,  4.74990569e-02, -1.52261540e-01,
         9.44238380e-02,  4.74586934e-02, -2.19398234e-02,
         1.23161100e-01, -1.20537557e-01, -3.52315940e-02,
         4.60406765e-02, -8.03584009e-02, -4.74969931e-02,
        -1.32138193e-01,  5.84236272e-02,  1.11240663e-01,
        -5.03443182e-02,  7.48670176e-02,  6.95315003e-02,
         9.04009193e-02, -9.19563994e-02,  2.89987437e-02,
         7.87469279e-03,  1.21207975e-01, -9.53801274e-02,
        -8.37327633e-03, -8.31011310e-02, -5.62062263e-02,
         7.62764215e-02,  1.15055749e-02, -6.18962944e-02,
         3.01596969e-02,  8.22351053e-02,  8.21611062e-02,
        -3.42247672e-02, -9.55398008e-02, -3.42667545e-03,
         7.97489658e-02,  3.03493924e-02,  2.51877122e-02,
        -5.03372476e-02,  4.74088416e-02, -1.29672009e-02,
         1.86342688e-03,  4.24275585e-02,  5.93522675e-02,
         1.49949223e-01,  2.57214508e-03, -8.26265663e-02,
        -2.35759486e-02,  1.87470429e-02,  2.02352367e-02,
        -2.18186807e-02, -7.95398727e-02,  1.00027107e-01,
        -3.52587067e-02, -5.16759232e-02,  3.88946310e-02,
         1.05706297e-01,  7.56167769e-02, -1.19263576e-02,
        -1.03496239e-01,  9.72665772e-02,  1.06824972e-01,
        -2.31915656e-02, -4.47824746e-02,  9.70310643e-02,
        -5.86077459e-02,  6.44170791e-02, -7.32030049e-02,
        -1.01525642e-01, -5.86201483e-03, -5.15181497e-02,
        -9.98487920e-02,  7.92789310e-02,  4.94421348e-02]], dtype=float32), array([ 0.05325134,  0.08406091,  0.04480513, -0.06447778, -0.01725167,
       -0.02010969, -0.09921962,  0.07075985, -0.07854111, -0.09738125],
      dtype=float32)]}
Previous Hash: edd99964cc9e39c99f84f7c6a2fe416de8f9eae8bd04955791bfe52f93600d35
Hash: 000d97e1dc59de4df328d0157265261913b2f9bc83be46c4d00a779eed993d2f
