Index: 2
Timestamp: 1735673768.6574924
Data: {'model_weights': [array([[[[ 8.71942565e-03, -1.33025885e-01, -1.37163609e-01,
           8.32609646e-03, -1.73148528e-01],
         [-2.19658062e-01,  3.95724725e-04, -1.66593269e-01,
           5.05191041e-03, -1.29651308e-01],
         [-7.51311705e-02, -5.85057959e-02, -1.58102334e-01,
          -1.96398608e-02,  1.65243104e-01],
         [-3.63804251e-02, -2.17086121e-01, -2.01095551e-01,
           4.97531630e-02,  2.64549762e-01],
         [-4.21759896e-02, -1.75189182e-01, -2.00627178e-01,
          -3.53964157e-02,  1.52823523e-01]]],


       [[[-1.68549955e-01, -1.78350955e-01, -2.93382518e-02,
          -1.90881073e-01, -6.04164824e-02],
         [ 1.23213112e-01, -2.38114238e-01, -8.33014101e-02,
           5.83444610e-02,  1.57612666e-01],
         [-1.50301844e-01, -1.40442207e-01, -4.78361510e-02,
           2.39498094e-01,  1.87351212e-01],
         [-1.24086842e-01,  1.21064123e-03, -9.35294032e-02,
           1.01164594e-01,  1.31040856e-01],
         [ 1.03171490e-01,  1.09450139e-01,  2.93285370e-01,
           1.96953803e-01,  8.67112577e-02]]],


       [[[-5.03778234e-02, -1.14491783e-01,  2.25339934e-01,
          -1.03377320e-01, -1.22294009e-01],
         [-8.50885510e-02, -1.27608478e-01,  1.78541228e-01,
           2.41975740e-01,  2.07455993e-01],
         [ 1.46961242e-01,  9.68913585e-02,  2.39799768e-01,
           2.74817377e-01,  1.28575593e-01],
         [ 2.15358779e-01, -4.51572984e-02,  2.21218497e-01,
           4.32859361e-01,  3.88424814e-01],
         [ 2.29797214e-01, -3.42213619e-03, -2.32544281e-02,
           2.48132899e-01,  2.27019995e-01]]],


       [[[-1.08572401e-01, -2.05803681e-02,  1.73415452e-01,
           1.36936024e-01,  7.95387179e-02],
         [-6.28593797e-03,  1.34606212e-01,  1.82271719e-01,
           2.02218980e-01, -4.68486920e-02],
         [ 2.09422141e-01,  2.19843388e-01,  1.82503507e-01,
           1.66245759e-01, -1.67415217e-01],
         [ 5.69147058e-02,  2.47431435e-02, -1.81619406e-01,
          -1.36334226e-01,  1.38355017e-01],
         [-4.52880040e-02, -6.72888383e-02, -1.54989004e-01,
          -4.28361073e-02,  8.56424347e-02]]],


       [[[-3.08145136e-02,  4.01880085e-01,  3.84721100e-01,
           2.19533727e-01, -1.68653637e-01],
         [ 1.09168246e-01,  3.92177522e-01,  1.70692801e-01,
           2.53670126e-01, -1.82275146e-01],
         [ 5.75510552e-03,  1.72970667e-01,  1.57525420e-01,
           1.72481090e-01,  8.00608471e-02],
         [ 2.61470769e-02,  1.40331924e-01, -1.29744679e-01,
           8.18637908e-02,  6.17576241e-02],
         [-7.00505674e-02,  1.31330445e-01, -1.90326422e-02,
          -1.28915861e-01, -1.29443571e-01]]],


       [[[-8.30854382e-03,  1.76091105e-01, -7.16453567e-02,
           1.42385229e-01,  1.16878606e-01],
         [ 2.33643338e-01,  1.00627005e-01, -7.04442710e-02,
           2.49881268e-01,  3.86157513e-01],
         [ 1.59098774e-01, -1.11124720e-02,  5.13835475e-02,
           7.88573995e-02,  4.25856024e-01],
         [-1.02067485e-01,  1.38346227e-02, -9.72827524e-03,
           2.42643356e-01,  2.33453825e-01],
         [-2.18307212e-01, -1.98872536e-01, -6.97293431e-02,
          -1.56444803e-01,  2.36353159e-01]]]], dtype=float32), array([-0.02483147,  0.00410044, -0.11585285,  0.01611941,  0.05013475,
        0.18927515], dtype=float32), array([[[[ 5.59042208e-02, -5.99201135e-02,  3.25700380e-02,
           2.71644536e-02, -4.89686094e-02],
         [ 4.63695899e-02,  3.59923430e-02, -1.00469496e-02,
          -8.86412859e-02,  5.60968928e-02],
         [-2.91814329e-03,  4.08454016e-02,  4.94135246e-02,
          -7.22081363e-02, -8.60140994e-02],
         [ 6.93454370e-02, -3.02868988e-02,  1.72090866e-02,
          -5.89416809e-02, -9.44611207e-02],
         [ 3.40686995e-03,  8.42279866e-02, -3.59710604e-02,
          -4.47258763e-02,  5.00066802e-02]],

        [[-3.17174308e-02,  7.34690651e-02,  3.33829783e-02,
          -4.60578091e-02, -4.61964905e-02],
         [-4.08142768e-02, -4.58563007e-02, -2.35465802e-02,
           3.00469361e-02, -7.98821151e-02],
         [-4.08507586e-02, -3.26744765e-02, -5.91453314e-02,
          -8.53244029e-03, -3.15034459e-03],
         [-9.10824537e-02, -5.14363945e-02,  4.71760221e-02,
          -3.09682637e-03, -7.32649416e-02],
         [-7.67048821e-02, -2.09870450e-02, -3.01517993e-02,
          -8.34973603e-02, -3.29835489e-02]],

        [[ 2.23104246e-02,  8.16381574e-02,  1.66920200e-02,
          -7.02031106e-02, -6.27349094e-02],
         [-8.37245956e-02, -4.62029353e-02,  1.59719989e-01,
          -1.16612413e-03, -7.38156494e-03],
         [ 1.65843517e-02, -1.09254621e-01,  1.18991598e-01,
           1.05494484e-01,  1.69120058e-02],
         [-1.60794944e-01, -8.22345242e-02,  8.98414627e-02,
           7.33834282e-02,  1.89634264e-02],
         [-1.11415386e-01, -6.87908679e-02, -8.90397578e-02,
           4.75575998e-02, -2.50376519e-02]],

        [[ 6.34694546e-02, -1.79247782e-02, -2.82188803e-02,
          -8.37924257e-02, -4.49190289e-02],
         [-6.51674420e-02,  4.45018075e-02, -5.62154725e-02,
           1.26652303e-03, -5.72997611e-03],
         [ 4.97474223e-02, -2.94948015e-02,  3.35966684e-02,
          -5.49903512e-02, -8.33778605e-02],
         [-7.05137253e-02,  5.61935976e-02,  8.07187811e-04,
           8.01532567e-02, -1.73494164e-02],
         [-1.10052727e-01,  2.15915535e-02,  7.00306031e-04,
          -1.53227299e-02, -6.38505965e-02]],

        [[-1.95947047e-02,  3.10015539e-03, -6.99315518e-02,
           2.33338531e-02,  5.98891452e-02],
         [ 1.52115268e-03, -4.22000885e-02,  1.64288692e-02,
           1.24587223e-01,  4.81188372e-02],
         [-1.29266884e-02, -5.65761253e-02, -3.75299454e-02,
           7.16803968e-02,  8.51829201e-02],
         [ 1.81411747e-02, -6.66763261e-02, -4.32891250e-02,
           1.45400763e-01, -3.09846411e-03],
         [-1.05164528e-01, -6.04494922e-02, -7.06746429e-02,
          -4.47457936e-03,  2.74911933e-02]],

        [[ 3.39954859e-03, -4.81214095e-03,  3.63224521e-02,
          -6.27375692e-02, -7.50711411e-02],
         [ 6.12459369e-02,  4.54007909e-02,  1.28024131e-01,
           3.43906209e-02, -5.32489903e-02],
         [-5.60292490e-02,  4.15306129e-02,  1.75835460e-01,
           4.27580206e-03, -1.79793630e-02],
         [-7.89676458e-02,  2.90006809e-02,  8.02860707e-02,
           1.96304806e-02,  8.41077417e-02],
         [-3.93047482e-02, -1.08267590e-01,  7.50867203e-02,
           3.46827582e-02, -4.58831117e-02]]],


       [[[-1.81251876e-02, -8.19686875e-02,  4.24133129e-02,
          -2.18386156e-03, -5.17192297e-02],
         [-1.82982106e-02, -5.20101599e-02,  2.37523299e-02,
          -1.25132976e-02,  4.55881394e-02],
         [ 3.72207984e-02,  4.98342626e-02, -2.47980468e-02,
           2.72732079e-02, -8.96949023e-02],
         [-7.37241656e-02,  6.24192432e-02,  5.60960360e-02,
          -3.73223051e-02, -5.87860569e-02],
         [ 7.53389448e-02,  5.14560938e-02, -6.58880696e-02,
          -6.63135275e-02, -3.38043203e-03]],

        [[ 2.81161368e-02,  4.54448238e-02, -1.17140329e-02,
          -9.08308476e-02, -4.14279141e-02],
         [-3.52413245e-02, -7.65195116e-02,  1.44891497e-02,
           2.60482840e-02,  1.94007661e-02],
         [-1.14611126e-01, -7.94589520e-02, -2.90306117e-02,
          -3.43384519e-02,  2.97654010e-02],
         [ 5.70584759e-02,  1.00488201e-01,  6.68034405e-02,
           4.35695946e-02, -8.36004391e-02],
         [ 8.19300127e-04,  9.04053226e-02, -3.60190608e-02,
          -7.58663341e-02, -9.25251395e-02]],

        [[ 7.65530020e-02,  9.57361758e-02,  5.39072864e-02,
          -1.13564543e-02, -3.20868716e-02],
         [-4.25553471e-02, -3.46774468e-03,  1.20793261e-01,
           5.67367487e-02,  4.46209265e-03],
         [-9.34333280e-02, -8.46244842e-02,  6.14114627e-02,
           3.88895199e-02,  6.05409630e-02],
         [-9.40620825e-02, -5.54276519e-02,  8.19039047e-02,
           2.16972711e-03, -6.76945671e-02],
         [ 2.21739020e-02,  7.23017380e-02,  7.31245708e-03,
          -1.03635132e-01, -5.94227687e-02]],

        [[-6.64031655e-02, -1.39578730e-02, -2.06697900e-02,
          -8.45404640e-02,  4.04750034e-02],
         [-5.52446023e-02,  3.09091993e-02, -4.37242165e-02,
          -8.78909305e-02,  3.60922627e-02],
         [-8.71517137e-02, -2.82765320e-03, -8.77996683e-02,
          -2.37542596e-02,  2.15239767e-02],
         [-9.53614265e-02, -8.17223117e-02,  7.27823675e-02,
           5.00720553e-02, -6.06919602e-02],
         [ 4.18688729e-02,  6.50944114e-02,  2.13137362e-02,
           8.64286125e-02,  2.94723399e-02]],

        [[-7.45107681e-02,  5.53232897e-03, -7.88132250e-02,
           4.95617911e-02, -8.63582343e-02],
         [ 5.59103489e-02, -2.45009921e-02,  4.79779504e-02,
           6.98672310e-02, -1.15055311e-02],
         [ 1.62702315e-02, -8.51755515e-02,  1.69971008e-02,
           1.32013544e-01, -4.15870994e-02],
         [-5.93851097e-02, -1.20146632e-01,  1.71457902e-02,
           1.50834024e-03, -3.89825180e-02],
         [ 1.17097155e-03,  4.79482450e-02,  7.53585845e-02,
          -6.06709532e-03, -6.69074506e-02]],

        [[-5.88246481e-03,  4.96823750e-02, -4.86501232e-02,
          -2.14396906e-03, -3.31379846e-02],
         [-1.51280882e-02,  5.03470190e-02,  2.46016420e-02,
           3.59577201e-02, -8.03179890e-02],
         [-4.06102613e-02, -5.11385091e-02,  9.11342949e-02,
          -7.91721325e-03, -7.62663335e-02],
         [-1.13553144e-01,  5.63832447e-02,  6.56927079e-02,
          -4.91950586e-02, -9.32861567e-02],
         [ 4.02962044e-02, -5.41915372e-02,  8.13572034e-02,
           6.44906536e-02,  4.60054353e-02]]],


       [[[ 7.60567412e-02, -2.87329145e-02, -4.42675687e-02,
          -2.41721589e-02,  4.29416969e-02],
         [-2.08458491e-03,  5.60234487e-02,  8.81528668e-03,
          -1.30444970e-02,  9.22382227e-04],
         [ 6.72975928e-02, -2.10052244e-02, -2.01032348e-02,
           3.94031107e-02, -7.51134977e-02],
         [-2.95778122e-02, -2.04767799e-03, -1.80007350e-02,
          -4.74675670e-02,  5.37903421e-02],
         [ 5.12441769e-02, -8.78178515e-03, -4.15434502e-02,
           2.78016515e-02, -9.78138819e-02]],

        [[ 4.86958213e-02, -6.77147433e-02,  1.85629483e-02,
           2.02232935e-02, -4.21606973e-02],
         [ 6.87427372e-02, -4.32168022e-02, -1.36679532e-02,
          -3.39049399e-02,  1.22876372e-02],
         [-3.13056633e-02, -8.90118629e-02, -2.45769750e-02,
           4.84903976e-02, -7.41391554e-02],
         [ 6.88051954e-02,  7.24026486e-02,  5.36263511e-02,
           2.83800550e-02, -6.74425140e-02],
         [ 1.80510469e-02, -9.14829038e-03, -2.54274160e-02,
          -3.63421552e-02, -3.23602669e-02]],

        [[-4.44204472e-02,  9.88986492e-02, -4.24877182e-02,
          -9.61585864e-02, -7.99257308e-02],
         [ 1.65936071e-02, -1.90291530e-03, -2.75496580e-02,
           3.13903647e-03, -1.07409656e-01],
         [-6.99462071e-02, -1.44491671e-02, -7.13961273e-02,
           1.39040244e-03, -7.45257139e-02],
         [-7.52092246e-03,  3.30503397e-02,  9.83352587e-02,
           9.17720869e-02,  5.71563952e-02],
         [ 1.52312443e-02,  1.35044292e-01,  1.39450401e-01,
           1.14402451e-01,  2.45732479e-02]],

        [[ 1.14071760e-02, -7.86136370e-03, -1.77302398e-02,
          -6.73132092e-02, -1.05002366e-01],
         [-1.51657043e-02,  9.74777490e-02,  4.71338443e-02,
          -1.59715116e-03, -3.71691510e-02],
         [-6.39313981e-02,  7.64333159e-02,  6.24157488e-02,
          -5.89265525e-02,  2.39057280e-02],
         [-3.12924497e-02, -8.76145288e-02,  4.05949540e-02,
          -2.15472486e-02, -1.99218616e-02],
         [ 1.74388364e-02,  6.02256954e-02,  9.15152878e-02,
           6.90533966e-02,  1.27588362e-02]],

        [[-8.14315155e-02,  1.39501439e-02,  3.89232188e-02,
          -9.64399725e-02, -4.25248891e-02],
         [ 8.92735180e-03,  5.88488765e-02, -3.35655874e-03,
          -7.61021748e-02, -5.54418080e-02],
         [ 2.00367998e-02,  1.14194397e-02,  7.62915611e-02,
          -3.20780091e-02,  8.16380139e-03],
         [-4.86329086e-02, -3.52829061e-02, -2.42646001e-02,
           8.87313508e-04, -6.99658245e-02],
         [ 6.65414240e-03, -3.72314528e-02, -3.65351774e-02,
          -4.72973436e-02, -2.96283010e-02]],

        [[ 6.05886579e-02, -6.96114227e-02, -1.08694158e-01,
          -1.24871433e-01, -6.42821044e-02],
         [ 9.97954160e-02, -6.97530713e-03,  5.11885174e-02,
           6.94385311e-03, -1.11314431e-02],
         [ 1.94485132e-02,  2.40296014e-02,  4.26009968e-02,
          -6.41348511e-02, -4.21381965e-02],
         [ 2.47995593e-02, -7.38987699e-02,  3.19105908e-02,
          -6.62713498e-02, -5.88063225e-02],
         [ 1.02831423e-01,  2.16805749e-02,  2.99943574e-02,
           7.32749095e-03,  8.48647356e-02]]],


       ...,


       [[[-7.07824528e-03, -3.93911526e-02, -4.44432870e-02,
          -3.40836346e-02,  5.25582465e-04],
         [-1.71509199e-02, -8.50957632e-02, -1.13118395e-01,
          -1.44962400e-01,  2.20782571e-02],
         [-6.93558007e-02, -6.85948581e-02, -8.29551667e-02,
          -9.79686677e-02, -1.07093789e-01],
         [-7.67644420e-02, -6.89167436e-03, -9.51667204e-02,
           4.05464917e-02,  3.72022279e-02],
         [ 5.27165607e-02, -1.35416817e-02, -2.86914650e-02,
           5.92777357e-02, -8.42932984e-03]],

        [[ 2.12304797e-02, -1.55611187e-02, -2.13257503e-03,
           9.16812867e-02, -1.19286962e-02],
         [-2.34611649e-02,  7.52637684e-02, -2.67350562e-02,
           1.63275488e-02, -1.01300955e-01],
         [-7.55326375e-02, -3.41214612e-02, -1.17051437e-01,
          -1.14955649e-01, -3.94815132e-02],
         [ 4.25224826e-02,  1.33786304e-02, -1.12284258e-01,
          -1.36037301e-02, -5.27969524e-02],
         [ 5.63088655e-02, -3.68462466e-02, -3.66744809e-02,
           3.35982963e-02,  4.20525186e-02]],

        [[ 1.94972791e-02,  6.64856285e-02,  1.03486404e-01,
           3.62498499e-02, -1.39954686e-01],
         [ 9.05308574e-02,  1.71292588e-01,  2.16723919e-01,
           8.30069631e-02, -1.34678213e-02],
         [-4.33414653e-02,  3.97924781e-02, -7.08757318e-04,
           1.36131361e-01,  5.01701124e-02],
         [-1.64943099e-01, -1.77833036e-01, -1.01166025e-01,
           3.45039144e-02,  7.84095153e-02],
         [-8.54719207e-02, -8.14062878e-02,  3.90690472e-03,
           4.94461209e-02, -1.20367436e-02]],

        [[-8.35282356e-02, -7.43926615e-02, -8.34248737e-02,
           3.03484406e-02,  1.79062076e-02],
         [ 7.87256099e-03,  2.90545374e-02,  7.62758180e-02,
           1.05372071e-01,  6.41685969e-04],
         [ 8.34045466e-03,  2.61390395e-02,  6.50165901e-02,
           3.58165838e-02, -6.95756525e-02],
         [ 1.76293738e-02, -5.83619857e-03, -1.05252201e-02,
           1.09891612e-02, -2.57255584e-02],
         [-6.91940412e-02, -1.02736935e-01, -1.08439401e-01,
           4.91195545e-02,  4.01288755e-02]],

        [[-2.08877064e-02, -1.59740031e-01, -1.66018471e-01,
          -3.90969291e-02, -9.22833532e-02],
         [ 4.10025269e-02,  7.26386458e-02, -4.60607745e-02,
           6.50541335e-02,  3.02763488e-02],
         [ 3.78331766e-02,  6.29455457e-03,  6.18850365e-02,
           9.31879655e-02,  1.13303319e-01],
         [-1.47040993e-01,  2.11028010e-02, -3.33646610e-02,
           7.98229799e-02,  1.16897345e-01],
         [-1.62633628e-01, -1.66337103e-01, -1.83478042e-01,
          -2.24731080e-02, -2.12525344e-03]],

        [[-3.07963602e-02, -7.78506622e-02, -9.54005402e-03,
          -9.21572149e-02, -8.47696736e-02],
         [ 1.17473483e-01,  1.55060992e-01,  6.57585636e-02,
           8.05007294e-02,  2.80421171e-02],
         [ 3.32738794e-02,  3.97209898e-02,  1.56983569e-01,
           1.85281172e-01,  5.81506081e-02],
         [-1.34537578e-01, -7.29205534e-02, -9.76205431e-03,
           1.30554929e-01,  7.43018612e-02],
         [-2.47763880e-02, -1.72251657e-01, -4.86452244e-02,
           6.49848357e-02, -8.50343853e-02]]],


       [[[ 6.08187206e-02, -2.65658647e-02, -5.90821132e-02,
           3.32242213e-02,  5.36815599e-02],
         [-1.68634597e-02, -4.42193896e-02, -8.84523336e-03,
          -6.52747974e-02,  7.23112375e-03],
         [ 6.23070709e-02,  4.26347852e-02, -4.89548780e-02,
           4.25852723e-02, -6.78755343e-02],
         [ 5.61263077e-02,  8.46621841e-02,  2.40076520e-02,
           2.74752881e-02,  8.98492187e-02],
         [ 2.63013449e-02, -1.31829856e-02,  3.13472897e-02,
           7.82824606e-02, -1.04911290e-02]],

        [[-3.20012644e-02,  4.36738171e-02,  6.49434477e-02,
           7.54820257e-02,  3.10064815e-02],
         [-4.69863303e-02,  4.01857942e-02, -2.10446008e-02,
          -3.30634005e-02, -6.13871589e-02],
         [ 1.31718619e-02,  4.16680612e-02, -4.40270714e-02,
          -6.61479682e-02,  2.45234221e-02],
         [-3.10444925e-02,  6.17105179e-02,  1.81871690e-02,
          -3.39107774e-02,  1.03641544e-02],
         [ 7.39927986e-04, -5.04942313e-02,  7.95619655e-03,
           4.90634665e-02, -5.18253371e-02]],

        [[ 4.36438099e-02, -2.07246281e-02,  7.08240345e-02,
          -1.88426487e-03,  8.50636326e-03],
         [-2.94229332e-02, -2.04529036e-02, -7.83235878e-02,
           6.20763674e-02,  2.65341736e-02],
         [-7.54829571e-02,  3.69537845e-02, -4.33959588e-02,
          -1.03407912e-02, -8.25349540e-02],
         [-6.84201270e-02, -1.33277522e-02, -1.04000591e-01,
          -1.22683510e-01, -8.45379159e-02],
         [ 2.96723042e-02,  4.94950712e-02, -5.10978699e-02,
          -6.35735691e-03, -1.15760081e-02]],

        [[ 1.62814322e-04,  5.07889315e-02, -2.65745027e-03,
           3.24219614e-02,  3.73726711e-02],
         [ 9.99288410e-02,  6.25746399e-02,  4.83201593e-02,
          -5.72280586e-02,  2.04609074e-02],
         [-3.76364961e-02, -2.15187818e-02,  5.36927581e-02,
           1.41438078e-02,  7.58384019e-02],
         [ 5.09722345e-03, -1.19468858e-02, -6.42114505e-02,
          -3.18812840e-02, -6.82667196e-02],
         [ 6.16383040e-03, -8.15051943e-02, -4.06102948e-02,
           6.60043731e-02, -6.72659427e-02]],

        [[ 4.98460233e-02,  5.30387685e-02,  6.35131449e-02,
          -5.09739481e-03, -4.13952861e-03],
         [ 6.26824498e-02,  2.47482546e-02, -3.76465470e-02,
           2.59995870e-02,  9.39023122e-02],
         [ 8.85091126e-02, -3.36312992e-03, -9.35446694e-02,
           5.59349172e-02, -3.42595987e-02],
         [ 6.31438121e-02, -1.02383733e-01, -9.60417986e-02,
          -1.38648329e-02,  3.76228131e-02],
         [ 2.64545679e-02,  4.04439531e-02,  3.71954292e-02,
          -1.21613052e-02,  2.90047713e-02]],

        [[ 5.27535789e-02,  1.01778746e-01,  1.26618460e-01,
           8.62385333e-02,  1.29619330e-01],
         [ 3.15504000e-02, -2.40536965e-02,  8.78063142e-02,
           7.78493062e-02,  4.44743708e-02],
         [-1.17846444e-01, -4.32571135e-02, -4.44382802e-02,
          -1.03145443e-01, -9.31484178e-02],
         [-4.32628244e-02,  4.46819663e-02, -6.07995987e-02,
          -1.12242877e-01, -5.24526834e-02],
         [-3.94398086e-02, -2.06102636e-02, -7.96670765e-02,
          -1.98421311e-02, -5.65771386e-02]]],


       [[[ 7.69930631e-02,  8.47516805e-02,  9.01765674e-02,
           2.94387043e-02,  7.24550933e-02],
         [-7.43942037e-02,  4.51925918e-02,  6.18219078e-02,
           3.34344096e-02, -3.40451933e-02],
         [-6.40090108e-02, -2.55020354e-02,  4.30194139e-02,
          -8.66498612e-03,  4.53282036e-02],
         [ 6.59319852e-03,  4.06925678e-02,  7.45722186e-03,
          -2.96950676e-02,  2.68034451e-02],
         [ 5.77301905e-03, -5.46842031e-02,  6.64400309e-02,
          -2.79206671e-02,  1.38574261e-02]],

        [[ 2.06221398e-02, -6.68288916e-02,  2.19909176e-02,
          -8.35896507e-02, -1.55107630e-02],
         [ 6.42655566e-02,  7.67321885e-02,  8.55266005e-02,
           4.82149348e-02, -5.93459420e-02],
         [ 4.19957563e-02,  1.77629553e-02,  6.02149256e-02,
           2.47520469e-02, -5.73799796e-02],
         [-5.77983633e-02,  2.89824512e-02,  3.02788969e-02,
          -4.43147942e-02, -8.77088681e-02],
         [ 5.00537455e-02, -3.49423401e-02, -3.46021652e-02,
          -5.84467538e-02, -6.67047352e-02]],

        [[-1.08118750e-01, -7.39990696e-02,  5.75996563e-02,
           6.76199049e-03, -5.30685410e-02],
         [-1.71578359e-02, -5.14925309e-02,  1.03899136e-01,
          -2.69298861e-03,  1.51836220e-02],
         [ 1.41532691e-02,  7.72882551e-02,  8.45283270e-03,
          -1.35000553e-02,  1.86461713e-02],
         [-5.57556562e-02,  2.12549530e-02, -1.52323591e-02,
          -1.07086599e-01, -8.19099993e-02],
         [-5.83420023e-02, -1.26311362e-01, -3.31934616e-02,
          -9.07511562e-02,  1.16910022e-02]],

        [[-5.93572035e-02,  6.23938553e-02,  5.55178300e-02,
           4.99078892e-02, -5.16301999e-03],
         [ 5.29891551e-02, -6.94458783e-02,  7.94510245e-02,
           8.13341886e-02, -5.55035770e-02],
         [-1.79156731e-03,  2.94904169e-02, -2.82306727e-02,
          -5.83064463e-03,  3.26757282e-02],
         [ 5.74491322e-02,  6.72632083e-02,  1.31253768e-02,
          -2.62171440e-02,  1.48256496e-02],
         [ 3.97700677e-03, -7.05084354e-02, -1.07556202e-01,
          -1.00302458e-01, -1.00736961e-01]],

        [[ 4.96226437e-02, -1.09199155e-02,  3.29639874e-02,
          -1.30395172e-02,  4.32801656e-02],
         [ 2.38165725e-02,  4.31180606e-03, -2.86911521e-02,
           5.22614531e-02, -7.79384524e-02],
         [ 2.26111151e-02,  1.27162505e-02,  5.21836355e-02,
           1.21464625e-01, -3.38577293e-02],
         [ 7.65350908e-02,  7.44260624e-02, -5.77311926e-02,
          -6.21786229e-02, -7.00790361e-02],
         [ 7.16864318e-02,  1.68653075e-02, -9.88485217e-02,
          -3.37461638e-03, -6.80992529e-02]],

        [[-5.67917898e-02,  1.03008926e-01,  9.64875817e-02,
           6.38249740e-02, -7.31731951e-02],
         [ 1.55228050e-02,  2.43776143e-02,  5.64012714e-02,
          -7.60148093e-03, -8.48149657e-02],
         [ 1.28079429e-02,  8.88906866e-02,  6.81170374e-02,
           1.01747826e-01,  6.55813441e-02],
         [ 3.18152197e-02, -5.13385609e-02, -5.79742566e-02,
          -5.67887798e-02, -5.96796647e-02],
         [-8.42244551e-02, -8.47352594e-02, -5.86139262e-02,
          -1.07731884e-02,  3.99293564e-02]]]], dtype=float32), array([-0.05544183,  0.00346881, -0.02639763, -0.02615084, -0.04083404,
        0.00754443,  0.03148341, -0.08182418,  0.04698681, -0.04578475,
       -0.01622475, -0.02662598,  0.03566918, -0.06760883,  0.07349761,
       -0.06189833], dtype=float32), array([[-0.04534341, -0.01206016,  0.00959772, ...,  0.03526587,
         0.01613338,  0.01463431],
       [ 0.03000617,  0.05828638, -0.0014531 , ...,  0.02492885,
        -0.05507919, -0.05917034],
       [-0.01732341,  0.02628147,  0.054417  , ...,  0.04495311,
         0.05293978, -0.03588004],
       ...,
       [-0.04342115,  0.02021553, -0.00942765, ..., -0.02460484,
         0.0654929 ,  0.00967767],
       [-0.06400951, -0.02769603, -0.01748173, ...,  0.02210001,
        -0.0391232 ,  0.04947408],
       [-0.05922369, -0.0115049 ,  0.07935365, ..., -0.05506907,
        -0.03808567, -0.04120467]], dtype=float32), array([ 8.42380337e-03,  4.37905230e-02, -3.59679982e-02,  6.72390312e-02,
        5.06884269e-02, -2.57207900e-02, -4.87305000e-02, -3.44409458e-02,
        2.07314063e-02,  1.69320796e-02, -4.22907099e-02,  5.21342680e-02,
        5.86520210e-02, -3.56063060e-03, -4.69483994e-02, -9.03699183e-05,
        1.91709585e-02,  1.85398757e-02, -3.73717919e-02,  4.02504019e-02,
        2.38222219e-02, -2.58753709e-02,  3.50703225e-02, -2.02273158e-03,
       -1.65945999e-02, -1.81345176e-02, -4.55225296e-02, -4.20240387e-02,
       -4.36203703e-02, -4.47787419e-02,  3.88113111e-02,  4.63952646e-02,
        5.17987385e-02, -5.64686432e-02,  1.49644660e-02, -5.11999652e-02,
       -5.54992035e-02,  1.34202559e-02, -2.51987427e-02, -5.22987656e-02,
        1.87940169e-02,  7.48340413e-03, -9.98981297e-03, -5.89169748e-02,
        3.12137720e-03, -5.28210700e-02,  3.45072970e-02, -2.85170078e-02,
       -4.87784855e-02,  3.52166817e-02, -5.95075600e-02,  5.16250320e-02,
        2.42156927e-02,  4.29184251e-02, -3.98486331e-02,  2.11456791e-02,
        1.11727454e-02,  1.51906908e-03, -5.80399632e-02, -4.44235802e-02,
       -1.49228601e-02, -1.37216765e-02,  5.41334674e-02, -3.47288176e-02,
       -4.71382514e-02, -5.79074323e-02,  4.46181148e-02, -1.80348698e-02,
       -6.24620244e-02,  1.50518119e-02,  6.53970912e-02,  3.67222279e-02,
        1.05740828e-02, -5.63665107e-02,  4.63771485e-02,  4.01444249e-02,
        2.06840020e-02,  5.29164784e-02,  4.76142615e-02, -3.06815095e-02,
       -2.16180049e-02, -5.12276106e-02,  3.25587280e-02, -4.31711301e-02,
       -3.25180520e-03, -3.38979065e-02,  4.75581065e-02, -5.13688140e-02,
       -1.20432042e-02,  4.40552793e-02, -7.75410142e-03,  3.48944068e-02,
       -4.05092426e-02,  9.39711556e-03, -4.16860217e-03, -2.69279592e-02,
       -1.53211104e-02,  5.48912697e-02,  3.63531224e-02, -5.09715490e-02,
       -1.51431635e-02,  5.83104119e-02, -5.35414927e-02,  4.14267741e-02,
       -2.56772041e-02,  1.66137773e-03,  1.26542468e-02,  4.72836420e-02,
       -1.18630957e-02, -2.84161512e-02, -3.91230211e-02,  2.39332998e-03,
        6.36322564e-03,  6.40034582e-03, -3.13058868e-02,  2.66435388e-02,
       -5.26309088e-02,  1.61513276e-02,  2.18601525e-02, -3.02974917e-02],
      dtype=float32), array([[-0.00653144, -0.09759741,  0.05915815, ..., -0.08549218,
        -0.02414171,  0.02398382],
       [-0.0373079 ,  0.04306547,  0.04892195, ...,  0.06840365,
        -0.07789867,  0.08273047],
       [-0.01898972, -0.00307696, -0.06044869, ..., -0.04748904,
        -0.08170687, -0.00559231],
       ...,
       [-0.03406895, -0.07581144, -0.03250379, ...,  0.03418243,
        -0.07238279,  0.02752186],
       [-0.04297977, -0.02006907,  0.07664058, ..., -0.07272998,
        -0.05950862,  0.072789  ],
       [-0.03624412,  0.05551001, -0.0428052 , ..., -0.04908652,
        -0.04714835, -0.03088947]], dtype=float32), array([-0.01488629,  0.07062356,  0.07749343,  0.04879446, -0.00204852,
        0.02474424, -0.0329367 , -0.01720417,  0.00255408, -0.08245473,
       -0.07585736, -0.03818425,  0.03372391,  0.0887899 , -0.06054934,
        0.08418185, -0.04986702,  0.08825798,  0.0607641 , -0.02725086,
       -0.08558708,  0.00580574, -0.01080242,  0.03348243,  0.01474492,
        0.08373924,  0.05826698, -0.06336854,  0.02872447, -0.08031101,
        0.01728058,  0.01435536,  0.02747017,  0.05181764,  0.01641791,
        0.07874997, -0.01446355, -0.00142945,  0.06791781,  0.01211331,
        0.04468135,  0.08001052, -0.01484576,  0.00318152, -0.04805241,
        0.08453015,  0.02191808,  0.01046543,  0.03493199,  0.04733836,
       -0.03535371, -0.07944556,  0.04748727,  0.05480751,  0.02640588,
       -0.03247533, -0.06612547,  0.08321649, -0.02024279, -0.07672206,
       -0.06020732,  0.05286953, -0.02577289,  0.07395945,  0.02431775,
       -0.02254357, -0.00984591,  0.06472627, -0.03652881, -0.07651748,
       -0.06915312,  0.04267818,  0.00893646, -0.05523551, -0.06544091,
       -0.1035461 , -0.05862073, -0.02974316, -0.0339419 ,  0.04433061,
       -0.0374919 ,  0.07695867, -0.03992776, -0.08716537], dtype=float32), array([[ 5.79800010e-02,  1.79615602e-01,  5.99478409e-02,
        -8.77597481e-02,  2.36418173e-02, -6.17016442e-02,
         3.67049016e-02, -1.13660276e-01, -1.03020966e-01,
         3.33795473e-02,  1.50201276e-01, -3.66108119e-02,
        -3.57650295e-02, -7.47704357e-02, -1.76755860e-01,
        -4.07768823e-02,  3.20328742e-01, -9.16494802e-03,
        -6.22727349e-02,  7.26237893e-03, -2.79612150e-02,
         6.49159104e-02,  4.93336804e-02, -1.15863487e-01,
        -9.04377848e-02,  7.39213917e-03,  5.87169603e-02,
         4.66966741e-02, -6.18029293e-03,  2.65132878e-02,
        -1.56127363e-01, -1.72182962e-01,  1.38748601e-01,
        -4.23922352e-02,  6.85378015e-02, -9.66858417e-02,
        -1.75829098e-01, -1.20441124e-01,  5.65597303e-02,
         9.75439921e-02,  8.44946876e-02,  1.79259833e-02,
        -1.28065914e-01, -5.25003998e-03,  1.11926720e-01,
        -1.53092727e-01,  1.98628325e-02, -6.05574623e-02,
        -3.13386098e-02,  1.14571810e-01,  8.95970091e-02,
        -1.07997674e-02,  8.01467597e-02, -4.19980846e-02,
        -2.54852567e-02, -3.59513946e-02,  4.94953319e-02,
         1.05738238e-01,  1.19125536e-02, -1.05960920e-01,
         5.98513782e-02, -4.94734421e-02, -8.60196576e-02,
         1.03568316e-01,  1.85219318e-01, -8.50385502e-02,
        -1.05971888e-01, -2.20833533e-02,  1.08267307e-01,
        -4.53683399e-02, -9.55896005e-02,  6.82715792e-03,
         5.29624522e-02,  8.33830461e-02,  6.22135922e-02,
        -2.21458096e-02, -9.52909365e-02, -1.26942024e-02,
         3.78791802e-02,  2.37047821e-01, -8.19375589e-02,
        -1.47098482e-01,  4.43507135e-02,  1.53202387e-02],
       [-4.45243344e-02, -1.92320645e-01, -5.77127934e-03,
        -6.87028319e-02, -1.17146514e-01, -1.01546213e-01,
        -5.82673550e-02,  1.85766354e-01, -4.51176576e-02,
        -1.26171811e-02, -9.32875425e-02,  1.42280266e-01,
        -1.36354208e-01,  2.24161908e-01,  4.50079590e-02,
        -7.17779025e-02, -1.20664932e-01, -4.57589813e-02,
        -9.97985750e-02, -8.41480792e-02, -9.20756757e-02,
         1.25285015e-01,  4.56184410e-02, -1.51197836e-01,
        -5.34489155e-02, -4.96180309e-03,  2.21520364e-02,
         1.55797631e-01,  4.76463549e-02, -1.10081792e-01,
         2.33866647e-01, -1.30353346e-01,  1.13089181e-01,
        -1.01882674e-01,  3.47421356e-02,  1.14533342e-01,
         1.31735757e-01,  1.17711619e-01, -2.73883436e-02,
        -1.69854518e-02, -4.57732640e-02,  1.81504339e-02,
         1.12455890e-01, -1.81736574e-01, -6.46759495e-02,
         1.51932225e-01, -1.69545069e-01, -6.76109344e-02,
        -6.43433481e-02, -1.57298416e-01,  7.15482756e-02,
        -2.64190882e-02, -5.58440313e-02, -7.84760267e-02,
         5.37462020e-03,  5.05911112e-02,  1.78040698e-01,
         8.92390460e-02,  1.24977313e-01, -1.02090761e-01,
         4.25984934e-02, -1.00604475e-01, -7.63850436e-02,
        -1.49147823e-01,  4.23302539e-02,  9.84316110e-04,
         1.38171166e-01,  5.38345948e-02,  2.32219277e-03,
        -1.69421698e-03, -3.17038894e-02,  1.01053272e-03,
        -9.52381715e-02, -1.10735193e-01,  7.02275187e-02,
         4.53209914e-02, -4.79741544e-02, -4.65909652e-02,
         6.13641329e-02, -2.49092862e-01, -7.22321942e-02,
         2.24135920e-01,  7.68980011e-02, -3.75133380e-02],
       [ 3.00031062e-02, -8.41043591e-02, -4.33487110e-02,
         8.13823342e-02, -5.88991158e-02, -1.13941289e-01,
         3.93483080e-02,  3.36459419e-03, -7.12045953e-02,
        -8.75186088e-05, -4.98448834e-02,  1.81516409e-01,
         9.19447988e-02, -7.41612818e-03,  1.17929326e-02,
         4.15505394e-02,  1.13337316e-01, -6.34686500e-02,
        -9.41868350e-02, -5.79872653e-02, -1.26968950e-01,
         1.53182134e-01, -3.39823030e-02,  1.29534289e-01,
         1.26900390e-01, -5.98332956e-02,  4.73240688e-02,
        -1.22108720e-01, -1.37696718e-03, -3.38142700e-02,
        -3.75359803e-02,  1.22585617e-01,  2.75089778e-02,
         2.25039963e-02, -9.52522010e-02,  8.69049281e-02,
         7.83905666e-03,  1.51688024e-01,  6.72055036e-02,
        -6.99282661e-02, -6.67632967e-02, -3.08598578e-02,
         9.68390331e-02,  8.50841254e-02, -1.33092552e-01,
        -1.47069320e-01, -9.75554734e-02,  1.57202214e-01,
        -1.55378044e-01,  1.88572221e-02, -1.15272500e-01,
        -1.42039940e-01,  6.84680417e-02,  1.09472536e-01,
         7.90636539e-02,  1.00496840e-02, -1.30465835e-01,
         2.21999615e-01,  9.52874720e-02, -4.21718433e-02,
        -1.01260029e-01, -5.22918776e-02, -1.71440076e-02,
         2.67253276e-02,  4.53973264e-02, -3.79774049e-02,
        -1.38199851e-01,  3.83411907e-02, -1.23594031e-01,
        -4.16346639e-02,  8.61594453e-02,  9.76392999e-02,
         7.54479691e-02, -1.78564973e-02, -8.11320394e-02,
         1.08169302e-01, -4.44730110e-02,  7.16914684e-02,
        -4.45505455e-02,  2.11674303e-01,  2.48644967e-02,
         2.62972228e-02, -4.87546511e-02,  1.71993040e-02],
       [-8.65782276e-02, -6.50412291e-02,  6.84626773e-02,
        -9.39746946e-02,  8.10136050e-02,  2.99397167e-02,
        -6.55839453e-04, -8.58064741e-02, -1.01753712e-01,
        -5.08331582e-02,  1.06222726e-01, -1.08068012e-01,
         1.47898152e-01,  5.51847331e-02,  7.09795430e-02,
         1.40397266e-01,  1.23382043e-02, -2.76790150e-02,
         5.15564606e-02, -2.81817764e-02,  1.44372970e-01,
         6.41366690e-02,  1.26645073e-01, -1.23163268e-01,
         1.10031083e-01,  4.87041064e-02, -8.59733745e-02,
         6.92544803e-02, -1.14276208e-01, -7.42965192e-02,
         6.89123794e-02,  8.15234333e-02, -1.28777727e-01,
         6.60079271e-02, -1.45911098e-01,  3.74744050e-02,
         1.11657001e-01,  1.25741839e-01,  2.59215117e-01,
         5.37882634e-02,  3.96528170e-02,  1.03671812e-01,
         7.57696182e-02, -3.54726799e-02, -3.19114178e-02,
         7.19238445e-02,  9.69218463e-02, -2.13051885e-01,
        -1.17599502e-01,  1.46235317e-01,  4.55715396e-02,
        -2.08200831e-02, -1.61592394e-01,  2.01557279e-01,
        -1.51014924e-01,  7.96304271e-02,  6.46417141e-02,
        -9.45835114e-02, -9.44453466e-04,  1.59774069e-02,
         1.01390563e-01, -4.18637693e-02, -9.92192179e-02,
         2.37116776e-02,  5.75656518e-02, -2.83827726e-02,
         5.81638590e-02, -2.58651171e-02, -9.70169157e-02,
        -1.90217271e-02,  6.91800262e-04,  4.10479354e-03,
        -5.61236367e-02, -3.87076065e-02,  7.84353241e-02,
        -5.31374058e-03,  5.67340255e-02, -1.85798444e-02,
        -3.90912108e-02,  5.29301278e-02, -4.06578965e-02,
        -1.49055988e-01, -7.37721026e-02,  5.95897362e-02],
       [ 9.29910690e-02,  3.99898253e-02,  4.64917943e-02,
         7.05717225e-03,  1.95347935e-01,  1.99206874e-01,
         9.01950300e-02, -1.09781958e-01,  7.67142028e-02,
        -6.35626316e-02, -1.44085065e-01, -1.86177224e-01,
         1.05247453e-01,  2.04186905e-02, -5.08577451e-02,
        -1.52336568e-01,  2.26213466e-02,  7.40519986e-02,
         9.95804220e-02, -1.54149728e-02, -1.09822527e-01,
        -5.51957078e-02, -3.48609313e-02,  3.04969788e-01,
         1.33186756e-02,  8.29995126e-02, -9.77346450e-02,
        -4.48274538e-02,  8.96259546e-02, -6.51823264e-03,
        -1.12356998e-01,  3.86900119e-02, -2.98854448e-02,
         1.07462823e-01,  2.75149569e-03, -1.08368896e-01,
         2.20594183e-02,  1.79323424e-02, -9.21582133e-02,
        -1.12921000e-01,  4.26286738e-03, -5.51179871e-02,
         3.76579948e-02, -2.92551704e-02,  7.23666837e-03,
         2.00342223e-01, -1.49760069e-02,  1.03830323e-01,
        -3.50902677e-02, -1.25537708e-01, -1.00398641e-02,
        -1.39055047e-02, -4.06361781e-02, -1.35105163e-01,
         2.88822800e-01,  2.82403789e-02, -5.87112308e-02,
        -2.12482423e-01,  3.34419832e-02,  1.36738941e-01,
         9.03220847e-02, -1.03791639e-01,  5.23470826e-02,
        -2.33867019e-02, -7.46412054e-02, -6.94984868e-02,
         7.23257521e-03,  8.74212682e-02, -1.23100181e-03,
        -8.76760185e-02, -7.93378949e-02,  7.43040815e-02,
        -5.74117601e-02, -1.04031846e-01, -4.81612384e-02,
         8.90685841e-02, -2.53663119e-02, -5.39175868e-02,
         8.99927467e-02, -1.56886101e-01,  2.39130799e-02,
        -6.65310845e-02, -7.10111707e-02,  3.94836739e-02],
       [-1.44455910e-01,  1.01197064e-01,  4.75736745e-02,
         6.63162917e-02,  7.20366314e-02,  6.06873706e-02,
        -5.66351227e-02, -5.43152317e-02,  4.78946641e-02,
        -8.15880746e-02,  1.19118616e-01, -4.18473547e-03,
         8.94608200e-02, -1.42956525e-02,  1.20410159e-01,
        -1.58193707e-01, -1.24117158e-01, -1.53644979e-02,
        -1.80391967e-02,  7.47961923e-02,  2.22182751e-01,
        -4.97445539e-02,  1.44373462e-01, -1.64897442e-02,
         7.19393119e-02,  1.17802754e-01,  5.45149967e-02,
        -1.70322563e-02, -3.25476639e-02,  2.49406975e-02,
        -7.52066225e-02, -1.50797099e-01, -2.13166308e-02,
        -9.36282426e-02,  1.73300058e-01, -3.64820063e-02,
         8.07883367e-02, -9.53859985e-02,  3.14680897e-02,
         7.67753646e-02,  9.71097052e-02,  8.34938735e-02,
        -1.07568942e-01,  8.23762268e-02,  6.56434968e-02,
         8.64093155e-02,  1.00909751e-02, -9.20977145e-02,
         4.66342904e-02,  1.59601942e-01, -1.02478482e-01,
         1.65438890e-01,  4.13645618e-02,  8.67587999e-02,
        -1.11446060e-01, -4.34311554e-02,  5.17135207e-03,
         9.75668579e-02,  3.40753980e-02,  1.95899621e-01,
        -2.12057140e-02, -3.52562964e-02,  5.94873354e-02,
        -4.71262122e-03,  7.02362359e-02, -1.17406836e-02,
        -1.39401883e-01,  5.99068031e-02,  9.44560685e-04,
         8.46308917e-02, -3.33892517e-02,  8.99249539e-02,
         1.52682588e-01,  2.59874407e-02, -5.84776886e-02,
        -9.13999453e-02, -9.28950459e-02, -3.33014503e-02,
         7.34340474e-02, -8.46082419e-02,  9.22367275e-02,
        -5.03931828e-02,  8.99518356e-02, -5.49092107e-02],
       [-1.34888515e-01, -1.76124141e-01,  4.48010582e-03,
         7.46599585e-02, -3.78605761e-02,  1.37604415e-01,
        -5.95663860e-02, -8.32199212e-03, -8.11863616e-02,
         8.82925540e-02, -5.03816679e-02,  7.34332949e-03,
        -8.47388133e-02,  2.80137416e-02, -1.65436380e-02,
        -1.08742416e-01, -7.94274956e-02, -1.36067322e-03,
        -8.76334980e-02,  1.15366861e-01,  1.62727870e-02,
         1.37884125e-01, -1.03472054e-01,  1.20821044e-01,
        -2.39016442e-03,  7.33555946e-03,  5.70165832e-03,
         9.73826833e-03,  2.36987602e-02, -3.69749335e-03,
        -7.74475485e-02, -1.32401466e-01,  6.74079806e-02,
         1.75995082e-01,  5.35317585e-02,  1.36211261e-01,
        -5.88524863e-02, -1.63546294e-01, -1.92403942e-01,
        -8.64686891e-02, -4.78913635e-02,  1.00554369e-01,
        -5.28856032e-02,  1.15758657e-01,  2.02208370e-01,
         6.01492636e-02, -1.53316766e-01,  1.50336102e-01,
        -2.39577532e-01, -1.10903829e-02,  1.45519644e-01,
         2.34790131e-01, -5.67430779e-02, -8.65772441e-02,
         1.49687529e-02, -6.82595223e-02,  1.69475712e-02,
        -1.64368618e-02, -1.02908984e-01,  2.34534647e-02,
         8.73773396e-02, -3.68641354e-02, -1.05260432e-01,
         1.37033343e-01, -1.08900629e-01, -6.06100354e-03,
        -1.89262956e-01,  5.78012951e-02, -9.15581211e-02,
         3.80618055e-03, -1.00534797e-01,  8.38738531e-02,
        -3.74609930e-03,  9.65796337e-02,  5.61183468e-02,
         5.44097051e-02, -7.69718513e-02, -1.95130296e-02,
         4.85035852e-02, -1.98997147e-02,  2.34638471e-02,
         7.78493583e-02, -2.93890443e-02,  9.62627679e-02],
       [ 2.85025150e-01,  1.73306182e-01,  2.00283900e-02,
        -3.58061977e-02, -1.37442321e-01,  5.67663498e-02,
        -9.43049043e-02, -1.03184744e-03, -9.87090021e-02,
        -1.80811640e-02,  7.95322880e-02,  3.02292015e-02,
        -5.89630082e-02, -4.69641909e-02, -4.82705934e-03,
         1.29865110e-01, -1.18353583e-01, -2.22952962e-01,
        -2.81119347e-02, -8.75551552e-02,  9.52699501e-03,
         1.84493382e-02,  5.73281422e-02, -1.25576153e-01,
         1.18367195e-01,  1.02857947e-01, -7.15054348e-02,
        -1.06773615e-01,  8.05158094e-02, -7.83518702e-02,
         2.04761513e-02, -2.73332261e-02,  1.11976624e-01,
        -1.23557828e-01,  6.13064878e-02, -3.35717872e-02,
        -7.13320822e-03,  1.20397009e-01,  8.43194500e-02,
         8.63849297e-02,  7.14484453e-02, -6.34794161e-02,
         1.27467841e-01, -5.14266565e-02, -1.65084496e-01,
        -2.61432946e-01,  1.65664464e-01,  4.76062857e-03,
         2.23669931e-01, -2.23373413e-01, -3.25956494e-02,
        -1.52940795e-01,  9.81672928e-02, -4.17173132e-02,
         2.25840658e-02,  9.24640819e-02,  1.67373791e-02,
        -6.80895969e-02, -1.55016351e-02, -1.00505352e-01,
        -8.97735208e-02, -9.20459405e-02, -2.97989640e-02,
        -1.70390993e-01,  1.03368640e-01,  8.07302073e-02,
         1.29974663e-01, -1.03959501e-01,  5.74542992e-02,
        -4.77487221e-02, -5.46473684e-03,  3.64438407e-02,
        -6.56774119e-02,  8.62443727e-03,  6.34645000e-02,
         4.40037213e-02,  7.91590210e-05, -2.78772833e-03,
         5.92046455e-02, -9.41925794e-02,  7.08719343e-02,
        -2.66731884e-02, -3.17448378e-02,  4.52833958e-02],
       [-1.11460373e-01, -6.97689364e-03, -5.04202172e-02,
        -2.68014781e-02, -1.72213314e-03, -1.59573644e-01,
         8.16323608e-02, -2.49247886e-02, -8.86383206e-02,
        -2.28472389e-02, -1.12266704e-01,  1.91676289e-01,
         1.31061003e-01,  1.05705179e-01,  1.66746885e-01,
         1.64376229e-01, -1.22176111e-01,  1.01526819e-01,
         8.37726332e-03, -1.09963730e-01, -1.29131544e-02,
         7.34754354e-02, -1.64072633e-01, -1.04029581e-01,
         9.23129264e-03,  6.52259216e-02, -8.90256763e-02,
         6.55227825e-02, -1.60390347e-01, -6.91802278e-02,
        -4.51256819e-02,  7.50198737e-02,  6.05977103e-02,
        -6.58711344e-02,  1.17456898e-01, -2.64715608e-02,
         1.51364073e-01, -1.23692647e-01, -3.99378613e-02,
        -2.59761270e-02, -1.96020212e-02, -7.38760680e-02,
         4.54782359e-02,  8.17443877e-02,  5.62973805e-02,
         1.84095412e-01,  3.87514718e-02,  1.22271381e-01,
         1.12282619e-01,  1.00942194e-01, -2.67019030e-02,
        -1.17353879e-01,  1.48457646e-01,  8.69966298e-02,
        -1.45534918e-01,  2.55745798e-02,  2.69673355e-02,
        -6.56472445e-02, -1.17049135e-01,  1.66374549e-01,
         2.93657035e-02, -1.07839359e-02,  6.55698776e-02,
        -6.28780061e-03, -1.96436327e-02, -9.76086408e-02,
         3.35931070e-02,  7.36408904e-02,  9.46692564e-03,
        -8.24576765e-02, -5.01172431e-02,  4.95316759e-02,
         3.63690639e-03, -8.09401646e-02, -3.05019710e-02,
        -3.47905494e-02,  6.05245456e-02, -1.21285856e-01,
        -2.16331147e-02, -2.31528543e-02, -4.19229753e-02,
        -9.63347312e-03, -4.93751243e-02, -5.24583571e-02],
       [ 2.34574035e-01,  2.00626701e-01, -3.12684290e-02,
         5.05110621e-02,  1.03409566e-01,  6.35168478e-02,
         7.67315030e-02, -1.44012332e-01, -6.92770109e-02,
        -5.29042073e-02,  2.95210276e-02, -2.08778620e-01,
         1.06517553e-01,  3.11853886e-02, -2.41091698e-02,
         1.93511769e-01, -9.91271362e-02, -4.76184413e-02,
         4.60406765e-02, -8.78022313e-02, -5.91238923e-02,
        -1.69208735e-01,  6.46347627e-02,  1.07971989e-01,
        -6.11693785e-02,  1.08632542e-01,  6.67064339e-02,
         1.10039249e-01, -1.24038696e-01,  2.51855254e-02,
         5.75187150e-03,  1.50813073e-01, -1.06927350e-01,
        -4.38853428e-02, -8.24233741e-02, -9.10452381e-02,
         8.17309096e-02, -9.86275915e-03, -8.30290839e-02,
         2.92557031e-02,  8.12274441e-02,  8.08960944e-02,
        -3.12026478e-02, -8.17615837e-02, -2.21451782e-02,
         8.19647312e-02,  6.96261972e-02,  2.61275861e-02,
         1.27617372e-02,  3.88755277e-02, -7.20846048e-03,
        -2.01723725e-02,  8.16295743e-02,  5.66653386e-02,
         1.78242475e-01, -4.09148354e-03, -9.13183913e-02,
        -6.65149912e-02,  1.36796134e-02,  2.46648975e-02,
        -2.24826429e-02, -7.95376524e-02,  1.01079509e-01,
        -6.96505159e-02, -8.98540318e-02,  5.74158207e-02,
         1.17994115e-01,  7.54725486e-02, -1.31876717e-04,
        -1.05807126e-01,  9.60047618e-02,  1.07433237e-01,
        -1.30656483e-02, -4.61587384e-02,  8.78289416e-02,
        -8.17789882e-02,  6.29910231e-02, -8.17834064e-02,
        -1.02886617e-01, -3.84596642e-04, -4.69885543e-02,
        -1.22261681e-01,  7.86524937e-02,  4.93074842e-02]], dtype=float32), array([ 0.04030443,  0.09202487,  0.04815675, -0.082619  , -0.03107811,
        0.00760526, -0.09958127,  0.07116028, -0.07447971, -0.09559739],
      dtype=float32)]}
Previous Hash: 000d97e1dc59de4df328d0157265261913b2f9bc83be46c4d00a779eed993d2f
Hash: 0007cf3b2f713cf83771a8fd0913906ca73555b8b78299d97f83a20afaf477df
